Start year (from begining of solar cycle) =1 year
Flight time=10 year(s)
Solar  cycle number - even
Solar cycle - mean
Apogee = 36000 km.
Perigee = 36000 km.
Inclination = 0.0 deg.
Argument of perigee = 0.0 deg.
GCR LET SPECTRUM behind shielding
Maximal peak FLUX [particles/(MeV/(g/cm2)*cm2*s)]
1 col. - LET [MeV/(g/cm2)]
2 col. - shielding= 1.50E+0000
3 col. - shielding= 1.75E+0000
4 col. - shielding= 2.00E+0000
5 col. - shielding= 2.25E+0000
6 col. - shielding= 2.50E+0000
7 col. - shielding= 2.75E+0000
8 col. - shielding= 3.00E+0000
9 col. - shielding= 3.50E+0000
10 col. - shielding= 4.00E+0000
 1.26E+0000 0.00E+0000 0.00E+0000 0.00E+0000 0.00E+0000 0.00E+0000 0.00E+0000 0.00E+0000 0.00E+0000 0.00E+0000
 1.58E+0000 6.20E+0000 6.19E+0000 6.18E+0000 6.17E+0000 6.16E+0000 6.15E+0000 6.13E+0000 6.11E+0000 6.08E+0000
 2.00E+0000 1.94E+0000 1.94E+0000 1.95E+0000 1.95E+0000 1.95E+0000 1.95E+0000 1.95E+0000 1.95E+0000 1.95E+0000
 2.51E+0000 6.71E-0001 6.76E-0001 6.80E-0001 6.84E-0001 6.87E-0001 6.91E-0001 6.94E-0001 7.01E-0001 7.07E-0001
 3.16E+0000 3.26E-0001 3.30E-0001 3.34E-0001 3.38E-0001 3.41E-0001 3.44E-0001 3.47E-0001 3.53E-0001 3.59E-0001
 3.98E+0000 1.56E-0001 1.59E-0001 1.62E-0001 1.64E-0001 1.67E-0001 1.69E-0001 1.72E-0001 1.76E-0001 1.81E-0001
 5.01E+0000 8.14E-0002 8.34E-0002 8.54E-0002 8.72E-0002 8.90E-0002 9.07E-0002 9.24E-0002 9.57E-0002 9.89E-0002
 6.31E+0000 2.09E-0001 2.10E-0001 2.10E-0001 2.10E-0001 2.10E-0001 2.10E-0001 2.10E-0001 2.10E-0001 2.08E-0001
 7.94E+0000 7.88E-0002 7.92E-0002 7.94E-0002 7.97E-0002 8.00E-0002 7.99E-0002 8.01E-0002 8.05E-0002 8.05E-0002
 1.00E+0001 3.25E-0002 3.28E-0002 3.30E-0002 3.32E-0002 3.34E-0002 3.34E-0002 3.36E-0002 3.40E-0002 3.41E-0002
 1.26E+0001 1.57E-0002 1.58E-0002 1.59E-0002 1.60E-0002 1.61E-0002 1.62E-0002 1.63E-0002 1.65E-0002 1.66E-0002
 1.58E+0001 8.19E-0003 8.28E-0003 8.33E-0003 8.40E-0003 8.46E-0003 8.50E-0003 8.55E-0003 8.65E-0003 8.72E-0003
 2.00E+0001 4.20E-0003 4.25E-0003 4.28E-0003 4.32E-0003 4.36E-0003 4.38E-0003 4.41E-0003 4.47E-0003 4.51E-0003
 2.51E+0001 2.20E-0003 2.23E-0003 2.25E-0003 2.27E-0003 2.29E-0003 2.30E-0003 2.32E-0003 2.35E-0003 2.38E-0003
 3.16E+0001 1.11E-0003 1.12E-0003 1.13E-0003 1.14E-0003 1.15E-0003 1.16E-0003 1.16E-0003 1.18E-0003 1.19E-0003
 3.98E+0001 7.78E-0004 7.81E-0004 7.84E-0004 7.86E-0004 7.89E-0004 7.90E-0004 7.93E-0004 7.97E-0004 7.99E-0004
 5.01E+0001 3.50E-0004 3.51E-0004 3.52E-0004 3.53E-0004 3.54E-0004 3.54E-0004 3.55E-0004 3.57E-0004 3.59E-0004
 6.31E+0001 7.38E-0004 7.32E-0004 7.26E-0004 7.20E-0004 7.15E-0004 7.09E-0004 7.04E-0004 6.94E-0004 6.83E-0004
 7.94E+0001 2.74E-0004 2.71E-0004 2.68E-0004 2.65E-0004 2.62E-0004 2.60E-0004 2.57E-0004 2.53E-0004 2.48E-0004
 1.00E+0002 3.66E-0004 3.61E-0004 3.57E-0004 3.53E-0004 3.49E-0004 3.45E-0004 3.42E-0004 3.34E-0004 3.27E-0004
 1.26E+0002 1.49E-0004 1.47E-0004 1.45E-0004 1.43E-0004 1.41E-0004 1.40E-0004 1.38E-0004 1.35E-0004 1.32E-0004
 1.58E+0002 8.58E-0005 8.46E-0005 8.34E-0005 8.23E-0005 8.12E-0005 8.02E-0005 7.91E-0005 7.71E-0005 7.52E-0005
 2.00E+0002 4.19E-0005 4.13E-0005 4.07E-0005 4.01E-0005 3.95E-0005 3.89E-0005 3.84E-0005 3.73E-0005 3.63E-0005
 2.51E+0002 4.86E-0005 4.79E-0005 4.72E-0005 4.65E-0005 4.59E-0005 4.52E-0005 4.46E-0005 4.34E-0005 4.22E-0005
 3.16E+0002 3.02E-0005 2.97E-0005 2.93E-0005 2.88E-0005 2.84E-0005 2.80E-0005 2.76E-0005 2.68E-0005 2.60E-0005
 3.98E+0002 1.34E-0005 1.31E-0005 1.29E-0005 1.27E-0005 1.25E-0005 1.23E-0005 1.21E-0005 1.17E-0005 1.13E-0005
 5.01E+0002 6.79E-0006 6.66E-0006 6.54E-0006 6.41E-0006 6.30E-0006 6.18E-0006 6.07E-0006 5.85E-0006 5.65E-0006
 6.31E+0002 4.56E-0006 4.47E-0006 4.38E-0006 4.29E-0006 4.21E-0006 4.13E-0006 4.05E-0006 3.89E-0006 3.75E-0006
 7.94E+0002 2.82E-0006 2.75E-0006 2.69E-0006 2.63E-0006 2.58E-0006 2.52E-0006 2.47E-0006 2.36E-0006 2.27E-0006
 1.00E+0003 4.28E-0006 4.19E-0006 4.11E-0006 4.02E-0006 3.94E-0006 3.86E-0006 3.78E-0006 3.63E-0006 3.48E-0006
 1.26E+0003 2.51E-0006 2.44E-0006 2.38E-0006 2.32E-0006 2.27E-0006 2.22E-0006 2.17E-0006 2.07E-0006 1.98E-0006
 1.58E+0003 9.20E-0007 8.85E-0007 8.54E-0007 8.25E-0007 7.98E-0007 7.72E-0007 7.48E-0007 7.03E-0007 6.62E-0007
 2.00E+0003 4.61E-0007 4.37E-0007 4.15E-0007 3.96E-0007 3.79E-0007 3.63E-0007 3.49E-0007 3.23E-0007 3.01E-0007
 2.51E+0003 2.47E-0007 2.30E-0007 2.15E-0007 2.03E-0007 1.92E-0007 1.82E-0007 1.74E-0007 1.58E-0007 1.46E-0007
 3.16E+0003 1.32E-0007 1.20E-0007 1.11E-0007 1.03E-0007 9.61E-0008 9.02E-0008 8.51E-0008 7.66E-0008 6.98E-0008
 3.98E+0003 7.14E-0008 6.38E-0008 5.78E-0008 5.29E-0008 4.89E-0008 4.57E-0008 4.27E-0008 3.79E-0008 3.42E-0008
 5.01E+0003 3.60E-0008 3.16E-0008 2.82E-0008 2.55E-0008 2.34E-0008 2.16E-0008 2.01E-0008 1.77E-0008 1.58E-0008
 6.31E+0003 1.88E-0008 1.63E-0008 1.44E-0008 1.29E-0008 1.18E-0008 1.08E-0008 1.00E-0008 8.78E-0009 7.80E-0009
 7.94E+0003 9.27E-0009 7.93E-0009 6.94E-0009 6.20E-0009 5.61E-0009 5.13E-0009 4.73E-0009 4.11E-0009 3.64E-0009
 1.00E+0004 4.60E-0009 3.91E-0009 3.41E-0009 3.03E-0009 2.73E-0009 2.49E-0009 2.29E-0009 1.99E-0009 1.76E-0009
 1.26E+0004 2.18E-0009 1.84E-0009 1.59E-0009 1.41E-0009 1.27E-0009 1.15E-0009 1.06E-0009 9.12E-0010 8.02E-0010
 1.58E+0004 1.01E-0009 8.49E-0010 7.32E-0010 6.44E-0010 5.78E-0010 5.24E-0010 4.80E-0010 4.13E-0010 3.62E-0010
 2.00E+0004 4.43E-0010 3.72E-0010 3.21E-0010 2.82E-0010 2.53E-0010 2.29E-0010 2.10E-0010 1.79E-0010 1.58E-0010
 2.51E+0004 1.63E-0010 1.38E-0010 1.20E-0010 1.06E-0010 9.58E-0011 8.72E-0011 8.01E-0011 6.89E-0011 6.11E-0011
 3.16E+0004 5.70E-0012 5.05E-0012 4.55E-0012 4.16E-0012 3.86E-0012 3.59E-0012 3.35E-0012 2.99E-0012 2.72E-0012
 3.98E+0004 3.17E-0014 2.94E-0014 2.74E-0014 2.56E-0014 2.40E-0014 2.26E-0014 2.13E-0014 1.90E-0014 1.71E-0014
 5.01E+0004 1.17E-0014 1.08E-0014 1.01E-0014 9.37E-0015 8.76E-0015 8.20E-0015 7.72E-0015 6.85E-0015 6.10E-0015
 6.31E+0004 4.67E-0015 4.30E-0015 3.99E-0015 3.71E-0015 3.46E-0015 3.23E-0015 3.04E-0015 2.68E-0015 2.38E-0015
 7.94E+0004 1.62E-0015 1.49E-0015 1.38E-0015 1.28E-0015 1.19E-0015 1.11E-0015 1.04E-0015 9.16E-0016 8.09E-0016
 1.00E+0005 5.07E-0016 4.65E-0016 4.29E-0016 3.98E-0016 3.69E-0016 3.43E-0016 3.21E-0016 2.82E-0016 2.47E-0016
 1.26E+0005 6.81E-0017 6.24E-0017 5.74E-0017 5.32E-0017 4.92E-0017 4.56E-0017 4.28E-0017 3.72E-0017 3.26E-0017
