Start year (from begining of solar cycle) =1 year
Flight time=10 year(s)
Solar  cycle number - even
Solar cycle - mean
Apogee = 36000 km.
Perigee = 36000 km.
Inclination = 0.0 deg.
Argument of perigee = 0.0 deg.
GCR PROTON SPECTRUM behind shielding
Maximal peak FLUX [protons/(MeV*cm2*s)]
1 col. - Energy [MeV]
2 col. - shielding= 1.50E+0000
3 col. - shielding= 1.75E+0000
4 col. - shielding= 2.00E+0000
5 col. - shielding= 2.25E+0000
6 col. - shielding= 2.50E+0000
7 col. - shielding= 2.75E+0000
8 col. - shielding= 3.00E+0000
9 col. - shielding= 3.50E+0000
10 col. - shielding= 4.00E+0000
 1.26E-0001 0.00E+0000 0.00E+0000 0.00E+0000 0.00E+0000 0.00E+0000 0.00E+0000 0.00E+0000 0.00E+0000 0.00E+0000
 1.58E-0001 0.00E+0000 0.00E+0000 0.00E+0000 0.00E+0000 0.00E+0000 0.00E+0000 0.00E+0000 0.00E+0000 0.00E+0000
 2.00E-0001 0.00E+0000 0.00E+0000 0.00E+0000 0.00E+0000 0.00E+0000 0.00E+0000 0.00E+0000 0.00E+0000 0.00E+0000
 2.51E-0001 0.00E+0000 0.00E+0000 0.00E+0000 0.00E+0000 0.00E+0000 0.00E+0000 0.00E+0000 0.00E+0000 0.00E+0000
 3.16E-0001 0.00E+0000 0.00E+0000 0.00E+0000 0.00E+0000 0.00E+0000 0.00E+0000 0.00E+0000 0.00E+0000 0.00E+0000
 3.98E-0001 0.00E+0000 0.00E+0000 0.00E+0000 0.00E+0000 0.00E+0000 0.00E+0000 0.00E+0000 0.00E+0000 0.00E+0000
 5.01E-0001 0.00E+0000 0.00E+0000 0.00E+0000 0.00E+0000 0.00E+0000 0.00E+0000 0.00E+0000 0.00E+0000 0.00E+0000
 6.31E-0001 0.00E+0000 0.00E+0000 0.00E+0000 0.00E+0000 0.00E+0000 0.00E+0000 0.00E+0000 0.00E+0000 0.00E+0000
 7.94E-0001 0.00E+0000 0.00E+0000 0.00E+0000 0.00E+0000 0.00E+0000 0.00E+0000 0.00E+0000 0.00E+0000 0.00E+0000
 1.00E+0000 2.93E-0005 2.98E-0005 3.01E-0005 3.04E-0005 3.07E-0005 3.09E-0005 3.10E-0005 3.12E-0005 3.14E-0005
 1.26E+0000 3.41E-0005 3.47E-0005 3.51E-0005 3.55E-0005 3.58E-0005 3.60E-0005 3.62E-0005 3.64E-0005 3.66E-0005
 1.58E+0000 4.00E-0005 4.06E-0005 4.11E-0005 4.15E-0005 4.19E-0005 4.22E-0005 4.24E-0005 4.27E-0005 4.29E-0005
 2.00E+0000 4.70E-0005 4.78E-0005 4.84E-0005 4.89E-0005 4.93E-0005 4.96E-0005 4.99E-0005 5.02E-0005 5.05E-0005
 2.51E+0000 5.56E-0005 5.65E-0005 5.71E-0005 5.77E-0005 5.83E-0005 5.86E-0005 5.89E-0005 5.93E-0005 5.96E-0005
 3.16E+0000 6.59E-0005 6.69E-0005 6.77E-0005 6.84E-0005 6.90E-0005 6.94E-0005 6.98E-0005 7.02E-0005 7.06E-0005
 3.98E+0000 2.87E-0004 2.90E-0004 2.93E-0004 2.96E-0004 3.00E-0004 3.02E-0004 3.05E-0004 3.12E-0004 3.18E-0004
 5.01E+0000 5.61E-0004 5.70E-0004 5.78E-0004 5.86E-0004 5.95E-0004 6.02E-0004 6.10E-0004 6.28E-0004 6.42E-0004
 6.31E+0000 7.40E-0004 7.56E-0004 7.69E-0004 7.84E-0004 7.98E-0004 8.09E-0004 8.22E-0004 8.50E-0004 8.73E-0004
 7.94E+0000 8.62E-0004 8.85E-0004 9.04E-0004 9.24E-0004 9.43E-0004 9.59E-0004 9.77E-0004 1.01E-0003 1.04E-0003
 1.00E+0001 9.50E-0004 9.79E-0004 1.00E-0003 1.03E-0003 1.05E-0003 1.07E-0003 1.10E-0003 1.14E-0003 1.18E-0003
 1.26E+0001 1.02E-0003 1.06E-0003 1.09E-0003 1.12E-0003 1.15E-0003 1.17E-0003 1.20E-0003 1.25E-0003 1.30E-0003
 1.58E+0001 1.08E-0003 1.13E-0003 1.16E-0003 1.20E-0003 1.23E-0003 1.26E-0003 1.29E-0003 1.35E-0003 1.40E-0003
 2.00E+0001 1.15E-0003 1.20E-0003 1.24E-0003 1.28E-0003 1.32E-0003 1.35E-0003 1.38E-0003 1.45E-0003 1.51E-0003
 2.51E+0001 1.22E-0003 1.28E-0003 1.32E-0003 1.36E-0003 1.41E-0003 1.44E-0003 1.48E-0003 1.55E-0003 1.61E-0003
 3.16E+0001 1.31E-0003 1.37E-0003 1.41E-0003 1.46E-0003 1.51E-0003 1.54E-0003 1.58E-0003 1.66E-0003 1.73E-0003
 3.98E+0001 1.42E-0003 1.48E-0003 1.52E-0003 1.57E-0003 1.62E-0003 1.65E-0003 1.70E-0003 1.78E-0003 1.85E-0003
 5.01E+0001 1.54E-0003 1.60E-0003 1.65E-0003 1.70E-0003 1.75E-0003 1.78E-0003 1.83E-0003 1.92E-0003 1.98E-0003
 6.31E+0001 1.69E-0003 1.75E-0003 1.79E-0003 1.84E-0003 1.90E-0003 1.92E-0003 1.97E-0003 2.07E-0003 2.13E-0003
 7.94E+0001 1.83E-0003 1.89E-0003 1.96E-0003 2.02E-0003 2.07E-0003 2.09E-0003 2.14E-0003 2.24E-0003 2.29E-0003
 1.00E+0002 1.99E-0003 2.05E-0003 2.11E-0003 2.17E-0003 2.22E-0003 2.28E-0003 2.33E-0003 2.43E-0003 2.47E-0003
 1.26E+0002 2.14E-0003 2.20E-0003 2.25E-0003 2.30E-0003 2.35E-0003 2.40E-0003 2.45E-0003 2.54E-0003 2.63E-0003
 1.58E+0002 2.26E-0003 2.31E-0003 2.35E-0003 2.40E-0003 2.44E-0003 2.48E-0003 2.52E-0003 2.60E-0003 2.67E-0003
 2.00E+0002 2.33E-0003 2.37E-0003 2.40E-0003 2.44E-0003 2.47E-0003 2.51E-0003 2.54E-0003 2.60E-0003 2.66E-0003
 2.51E+0002 2.35E-0003 2.38E-0003 2.41E-0003 2.43E-0003 2.46E-0003 2.48E-0003 2.51E-0003 2.56E-0003 2.60E-0003
 3.16E+0002 2.31E-0003 2.33E-0003 2.35E-0003 2.37E-0003 2.39E-0003 2.40E-0003 2.42E-0003 2.46E-0003 2.49E-0003
 3.98E+0002 2.20E-0003 2.21E-0003 2.23E-0003 2.24E-0003 2.25E-0003 2.26E-0003 2.27E-0003 2.29E-0003 2.31E-0003
 5.01E+0002 2.05E-0003 2.05E-0003 2.06E-0003 2.07E-0003 2.08E-0003 2.08E-0003 2.09E-0003 2.10E-0003 2.11E-0003
 6.31E+0002 1.88E-0003 1.88E-0003 1.89E-0003 1.89E-0003 1.89E-0003 1.90E-0003 1.90E-0003 1.90E-0003 1.91E-0003
 7.94E+0002 1.66E-0003 1.66E-0003 1.66E-0003 1.66E-0003 1.66E-0003 1.66E-0003 1.66E-0003 1.66E-0003 1.66E-0003
 1.00E+0003 1.39E-0003 1.39E-0003 1.39E-0003 1.39E-0003 1.39E-0003 1.39E-0003 1.39E-0003 1.39E-0003 1.39E-0003
 1.26E+0003 1.12E-0003 1.11E-0003 1.11E-0003 1.11E-0003 1.11E-0003 1.11E-0003 1.11E-0003 1.11E-0003 1.10E-0003
 1.58E+0003 8.53E-0004 8.52E-0004 8.51E-0004 8.49E-0004 8.48E-0004 8.47E-0004 8.45E-0004 8.42E-0004 8.39E-0004
 2.00E+0003 6.30E-0004 6.29E-0004 6.28E-0004 6.27E-0004 6.26E-0004 6.24E-0004 6.23E-0004 6.21E-0004 6.18E-0004
 2.51E+0003 4.44E-0004 4.43E-0004 4.42E-0004 4.42E-0004 4.41E-0004 4.40E-0004 4.39E-0004 4.37E-0004 4.35E-0004
 3.16E+0003 3.01E-0004 3.00E-0004 2.99E-0004 2.99E-0004 2.98E-0004 2.97E-0004 2.97E-0004 2.95E-0004 2.94E-0004
 3.98E+0003 1.96E-0004 1.96E-0004 1.96E-0004 1.95E-0004 1.95E-0004 1.94E-0004 1.94E-0004 1.93E-0004 1.92E-0004
 5.01E+0003 1.25E-0004 1.25E-0004 1.24E-0004 1.24E-0004 1.24E-0004 1.23E-0004 1.23E-0004 1.22E-0004 1.22E-0004
 6.31E+0003 7.68E-0005 7.66E-0005 7.65E-0005 7.63E-0005 7.61E-0005 7.59E-0005 7.57E-0005 7.53E-0005 7.49E-0005
 7.94E+0003 4.61E-0005 4.60E-0005 4.59E-0005 4.58E-0005 4.57E-0005 4.56E-0005 4.54E-0005 4.52E-0005 4.50E-0005
 1.00E+0004 2.71E-0005 2.71E-0005 2.70E-0005 2.70E-0005 2.69E-0005 2.68E-0005 2.67E-0005 2.66E-0005 2.65E-0005
 1.26E+0004 1.58E-0005 1.57E-0005 1.57E-0005 1.57E-0005 1.56E-0005 1.56E-0005 1.55E-0005 1.55E-0005 1.54E-0005
 1.58E+0004 8.87E-0006 8.85E-0006 8.83E-0006 8.81E-0006 8.78E-0006 8.76E-0006 8.74E-0006 8.69E-0006 8.65E-0006
 2.00E+0004 5.05E-0006 5.04E-0006 5.03E-0006 5.02E-0006 5.00E-0006 4.99E-0006 4.98E-0006 4.95E-0006 4.92E-0006
 2.51E+0004 2.79E-0006 2.78E-0006 2.77E-0006 2.77E-0006 2.76E-0006 2.75E-0006 2.75E-0006 2.73E-0006 2.72E-0006
 3.16E+0004 1.54E-0006 1.54E-0006 1.53E-0006 1.53E-0006 1.53E-0006 1.52E-0006 1.52E-0006 1.51E-0006 1.50E-0006
 3.98E+0004 8.41E-0007 8.39E-0007 8.37E-0007 8.35E-0007 8.33E-0007 8.30E-0007 8.28E-0007 8.23E-0007 8.19E-0007
 5.01E+0004 4.56E-0007 4.55E-0007 4.54E-0007 4.52E-0007 4.51E-0007 4.50E-0007 4.48E-0007 4.46E-0007 4.43E-0007
