Apogee = 36000 km.
Perigee = 36000 km.
Inclination = 0.0 deg.
Argument of perigee = 0.0 deg.
Start = 1 year
Flight time = 10 year(s)
Probability = 0.100
Solar cycle - mean
SEP SPECTRUM in orbit
Maximal peak FLUX [particles/(MeV/nuclon*cm2*s)]
 1 col. - Energy [MeV/nuclon]
 2-29 col. 1H*******  2He******  3Li******  4Be******  5B*******  6C*******  7N*******  8O*******  9F*******  10Ne*****  11Na*****  12Mg*****  13Al*****  14Si*****  15P******  16S******  17Cl*****  18Ar*****  19K******  20Ca*****  21Sc*****  22Ti*****  23V******  24Cr*****  25Mn*****  26Fe*****  27Co*****  28Ni*****
 1.00E+0000 1.98E+0006 1.62E+0005 0.00E+0000 0.00E+0000 0.00E+0000 1.21E+0003 3.60E+0002 3.08E+0003 1.59E-0002 4.70E+0002 4.36E+0001 7.02E+0002 5.55E+0001 6.30E+0002 3.15E+0000 1.50E+0002 1.55E+0000 1.73E+0001 2.56E+0000 5.27E+0001 1.95E-0001 3.51E-0001 3.36E-0002 1.38E+0001 5.33E+0000 9.62E+0002 1.28E+0001 3.62E+0001
 1.26E+0000 1.44E+0006 1.12E+0005 0.00E+0000 0.00E+0000 0.00E+0000 8.39E+0002 2.49E+0002 2.13E+0003 1.10E-0002 3.25E+0002 3.02E+0001 4.86E+0002 3.84E+0001 4.35E+0002 2.18E+0000 1.04E+0002 1.07E+0000 1.20E+0001 1.77E+0000 3.64E+0001 1.35E-0001 2.42E-0001 2.32E-0002 9.57E+0000 3.68E+0000 6.65E+0002 8.83E+0000 2.50E+0001
 1.58E+0000 1.05E+0006 7.72E+0004 0.00E+0000 0.00E+0000 0.00E+0000 5.80E+0002 1.72E+0002 1.47E+0003 7.61E-0003 2.25E+0002 2.09E+0001 3.36E+0002 2.65E+0001 3.01E+0002 1.50E+0000 7.16E+0001 7.43E-0001 8.27E+0000 1.22E+0000 2.52E+0001 9.31E-0002 1.68E-0001 1.61E-0002 6.61E+0000 2.55E+0000 4.60E+0002 6.10E+0000 1.73E+0001
 2.00E+0000 7.67E+0005 5.34E+0004 0.00E+0000 0.00E+0000 0.00E+0000 4.01E+0002 1.19E+0002 1.02E+0003 5.26E-0003 1.55E+0002 1.44E+0001 2.32E+0002 1.83E+0001 2.08E+0002 1.04E+0000 4.95E+0001 5.14E-0001 5.72E+0000 8.45E-0001 1.74E+0001 6.44E-0002 1.16E-0001 1.11E-0002 4.57E+0000 1.76E+0000 3.18E+0002 4.22E+0000 1.20E+0001
 2.51E+0000 5.60E+0005 3.69E+0004 0.00E+0000 0.00E+0000 0.00E+0000 2.77E+0002 8.22E+0001 7.04E+0002 3.64E-0003 1.08E+0002 9.97E+0000 1.60E+0002 1.27E+0001 1.44E+0002 7.19E-0001 3.42E+0001 3.55E-0001 3.95E+0000 5.84E-0001 1.20E+0001 4.45E-0002 8.01E-0002 7.68E-0003 3.16E+0000 1.22E+0000 2.20E+0002 2.92E+0000 8.27E+0000
 3.16E+0000 4.09E+0005 2.55E+0004 0.00E+0000 0.00E+0000 0.00E+0000 1.92E+0002 5.68E+0001 4.87E+0002 2.52E-0003 7.43E+0001 6.89E+0000 1.11E+0002 8.77E+0000 9.95E+0001 4.97E-0001 2.37E+0001 2.46E-0001 2.73E+0000 4.04E-0001 8.33E+0000 3.08E-0002 5.54E-0002 5.31E-0003 2.19E+0000 8.42E-0001 1.52E+0002 2.02E+0000 5.71E+0000
 3.98E+0000 2.98E+0005 1.77E+0004 0.00E+0000 0.00E+0000 0.00E+0000 1.33E+0002 3.93E+0001 3.37E+0002 1.74E-0003 5.14E+0001 4.77E+0000 7.67E+0001 6.06E+0000 6.88E+0001 3.44E-0001 1.64E+0001 1.70E-0001 1.89E+0000 2.79E-0001 5.76E+0000 2.13E-0002 3.83E-0002 3.67E-0003 1.51E+0000 5.82E-0001 1.05E+0002 1.36E+0000 3.85E+0000
 5.01E+0000 2.17E+0005 1.22E+0004 0.00E+0000 0.00E+0000 0.00E+0000 9.17E+0001 2.72E+0001 2.33E+0002 1.20E-0003 3.55E+0001 3.29E+0000 5.30E+0001 4.19E+0000 4.76E+0001 2.38E-0001 1.13E+0001 1.17E-0001 1.23E+0000 1.93E-0001 3.98E+0000 1.39E-0002 2.22E-0002 2.02E-0003 8.28E-0001 3.03E-0001 5.45E+0001 6.86E-0001 1.94E+0000
 6.31E+0000 1.59E+0005 8.44E+0003 0.00E+0000 0.00E+0000 0.00E+0000 6.34E+0001 1.88E+0001 1.61E+0002 8.31E-0004 2.46E+0001 2.28E+0000 3.67E+0001 2.68E+0000 3.06E+0001 1.40E-0001 6.70E+0000 6.20E-0002 6.20E-0001 9.85E-0002 2.03E+0000 7.01E-0003 1.12E-0002 1.02E-0003 4.17E-0001 1.52E-0001 2.74E+0001 3.45E-0001 9.75E-0001
 7.94E+0000 1.16E+0005 5.83E+0003 0.00E+0000 0.00E+0000 0.00E+0000 4.38E+0001 1.26E+0001 1.01E+0002 4.60E-0004 1.39E+0001 1.15E+0000 1.88E+0001 1.35E+0000 1.54E+0001 7.05E-0002 3.37E+0000 3.12E-0002 3.12E-0001 4.96E-0002 1.02E+0000 3.53E-0003 5.62E-0003 5.11E-0004 2.09E-0001 7.66E-0002 1.38E+0001 1.74E-0001 4.90E-0001
 1.00E+0001 8.45E+0004 3.16E+0003 0.00E+0000 0.00E+0000 0.00E+0000 2.26E+0001 6.32E+0000 5.08E+0001 2.31E-0004 6.98E+0000 5.78E-0001 9.45E+0000 6.78E-0001 7.73E+0000 3.54E-0002 1.69E+0000 1.57E-0002 1.57E-0001 2.49E-0002 5.14E-0001 1.77E-0003 2.82E-0003 2.57E-0004 1.05E-0001 3.85E-0002 6.93E+0000 8.73E-0002 2.47E-0001
 1.26E+0001 6.16E+0004 1.59E+0003 0.00E+0000 0.00E+0000 0.00E+0000 1.14E+0001 3.17E+0000 2.55E+0001 1.16E-0004 3.51E+0000 2.90E-0001 4.75E+0000 3.40E-0001 3.88E+0000 1.78E-0002 8.51E-0001 7.87E-0003 7.87E-0002 1.25E-0002 2.58E-0001 8.90E-0004 1.42E-0003 1.29E-0004 5.29E-0002 1.93E-0002 3.48E+0000 4.38E-0002 1.24E-0001
 1.58E+0001 4.50E+0004 7.95E+0002 0.00E+0000 0.00E+0000 0.00E+0000 5.70E+0000 1.59E+0000 1.28E+0001 5.82E-0005 1.76E+0000 1.46E-0001 2.38E+0000 1.71E-0001 1.95E+0000 8.92E-0003 4.27E-0001 3.94E-0003 3.94E-0002 6.27E-0003 1.29E-0001 4.46E-0004 7.11E-0004 6.47E-0005 2.65E-0002 9.70E-0003 1.75E+0000 2.20E-0002 6.21E-0002
 2.00E+0001 2.68E+0004 3.98E+0002 0.00E+0000 0.00E+0000 0.00E+0000 2.85E+0000 7.97E-0001 6.41E+0000 2.92E-0005 8.81E-0001 7.29E-0002 1.19E+0000 8.55E-0002 9.75E-0001 4.47E-0003 2.14E-0001 1.98E-0003 1.98E-0002 3.14E-0003 6.48E-0002 2.24E-0004 3.56E-0004 3.24E-0005 1.33E-0002 4.86E-0003 8.75E-0001 1.10E-0002 3.11E-0002
 2.51E+0001 1.49E+0004 1.99E+0002 0.00E+0000 0.00E+0000 0.00E+0000 1.43E+0000 3.99E-0001 3.21E+0000 1.46E-0005 4.41E-0001 3.65E-0002 5.96E-0001 4.28E-0002 4.88E-0001 2.24E-0003 1.07E-0001 9.88E-0004 9.88E-0003 1.57E-0003 3.24E-0002 1.12E-0004 1.78E-0004 1.62E-0005 6.64E-0003 2.43E-0003 4.37E-0001 5.51E-0003 1.56E-0002
 3.16E+0001 8.29E+0003 9.95E+0001 0.00E+0000 0.00E+0000 0.00E+0000 7.13E-0001 1.99E-0001 1.60E+0000 7.28E-0006 2.20E-0001 1.82E-0002 2.98E-0001 2.14E-0002 2.43E-0001 1.12E-0003 5.34E-0002 4.93E-0004 4.93E-0003 7.84E-0004 1.62E-0002 5.58E-0005 8.90E-0005 8.09E-0006 3.32E-0003 1.21E-0003 2.18E-0001 2.75E-0003 7.76E-0003
 3.98E+0001 4.60E+0003 4.95E+0001 0.00E+0000 0.00E+0000 0.00E+0000 3.55E-0001 9.90E-0002 7.97E-0001 3.62E-0006 1.10E-0001 9.06E-0003 1.48E-0001 1.06E-0002 1.21E-0001 5.56E-0004 2.66E-0002 2.46E-0004 2.46E-0003 3.91E-0004 8.05E-0003 2.78E-0005 4.43E-0005 4.03E-0006 1.65E-0003 6.04E-0004 1.09E-0001 1.37E-0003 3.87E-0003
 5.01E+0001 2.54E+0003 2.46E+0001 0.00E+0000 0.00E+0000 0.00E+0000 1.76E-0001 4.91E-0002 3.96E-0001 1.80E-0006 5.43E-0002 4.50E-0003 7.35E-0002 5.27E-0003 6.01E-0002 2.76E-0004 1.32E-0002 1.22E-0004 1.22E-0003 1.94E-0004 4.00E-0003 1.38E-0005 2.20E-0005 2.00E-0006 8.19E-0004 3.00E-0004 5.39E-0002 6.79E-0004 1.92E-0003
 6.31E+0001 1.40E+0003 1.21E+0001 0.00E+0000 0.00E+0000 0.00E+0000 8.70E-0002 2.43E-0002 1.96E-0001 8.89E-0007 2.69E-0002 2.22E-0003 3.63E-0002 2.61E-0003 2.97E-0002 1.36E-0004 6.52E-0003 6.02E-0005 6.02E-0004 9.58E-0005 1.97E-0003 6.81E-0006 1.09E-0005 9.87E-0007 4.05E-0004 1.48E-0004 2.67E-0002 3.36E-0004 9.48E-0004
 7.94E+0001 7.70E+0002 5.97E+0000 0.00E+0000 0.00E+0000 0.00E+0000 4.28E-0002 1.19E-0002 9.62E-0002 4.37E-0007 1.32E-0002 1.09E-0003 1.79E-0002 1.28E-0003 1.46E-0002 6.70E-0005 3.21E-0003 2.96E-0005 2.96E-0004 4.71E-0005 9.71E-0004 3.35E-0006 5.34E-0006 4.86E-0007 1.99E-0004 7.28E-0005 1.31E-0002 1.65E-0004 4.66E-0004
 1.00E+0002 4.21E+0002 2.92E+0000 0.00E+0000 0.00E+0000 0.00E+0000 2.09E-0002 5.84E-0003 4.70E-0002 2.14E-0007 6.46E-0003 5.34E-0004 8.73E-0003 6.27E-0004 7.14E-0003 3.28E-0005 1.57E-0003 1.45E-0005 1.45E-0004 2.30E-0005 4.75E-0004 1.64E-0006 2.61E-0006 2.37E-0007 9.73E-0005 3.56E-0005 6.41E-0003 8.07E-0005 2.28E-0004
 1.26E+0002 2.28E+0002 1.42E+0000 0.00E+0000 0.00E+0000 0.00E+0000 1.01E-0002 2.83E-0003 2.28E-0002 1.04E-0007 3.13E-0003 2.59E-0004 4.24E-0003 3.04E-0004 3.46E-0003 1.59E-0005 7.60E-0004 7.02E-0006 7.02E-0005 1.12E-0005 2.30E-0004 7.94E-0007 1.27E-0006 1.15E-0007 4.72E-0005 1.73E-0005 3.11E-0003 3.91E-0005 1.11E-0004
 1.58E+0002 1.23E+0002 6.80E-0001 0.00E+0000 0.00E+0000 0.00E+0000 4.87E-0003 1.36E-0003 1.10E-0002 4.98E-0008 1.50E-0003 1.24E-0004 2.04E-0003 1.46E-0004 1.67E-0003 7.63E-0006 3.65E-0004 3.37E-0006 3.37E-0005 5.37E-0006 1.11E-0004 3.82E-0007 6.09E-0007 5.53E-0008 2.27E-0005 8.30E-0006 1.49E-0003 1.88E-0005 5.31E-0005
 2.00E+0002 6.56E+0001 3.23E-0001 0.00E+0000 0.00E+0000 0.00E+0000 2.32E-0003 6.47E-0004 5.20E-0003 2.37E-0008 7.15E-0004 5.91E-0005 9.67E-0004 6.94E-0005 7.91E-0004 3.63E-0006 1.73E-0004 1.60E-0006 1.60E-0005 2.55E-0006 5.26E-0005 1.81E-0007 2.89E-0007 2.63E-0008 1.08E-0005 3.94E-0006 7.10E-0004 8.94E-0006 2.52E-0005
 2.51E+0002 3.46E+0001 1.52E-0001 0.00E+0000 0.00E+0000 0.00E+0000 1.09E-0003 3.03E-0004 2.44E-0003 1.11E-0008 3.35E-0004 2.77E-0005 4.53E-0004 3.25E-0005 3.71E-0004 1.70E-0006 8.13E-0005 7.51E-0007 7.51E-0006 1.19E-0006 2.46E-0005 8.50E-0008 1.35E-0007 1.23E-0008 5.05E-0006 1.85E-0006 3.33E-0004 4.19E-0006 1.18E-0005
 3.16E+0002 1.80E+0001 6.98E-0002 0.00E+0000 0.00E+0000 0.00E+0000 5.00E-0004 1.40E-0004 1.12E-0003 5.11E-0009 1.54E-0004 1.28E-0005 2.09E-0004 1.50E-0005 1.71E-0004 7.84E-0007 3.75E-0005 3.46E-0007 3.46E-0006 5.51E-0007 1.14E-0005 3.92E-0008 6.25E-0008 5.68E-0009 2.33E-0006 8.52E-0007 1.53E-0004 1.93E-0006 5.45E-0006
 3.98E+0002 9.19E+0000 3.16E-0002 0.00E+0000 0.00E+0000 0.00E+0000 2.26E-0004 6.32E-0005 5.08E-0004 2.31E-0009 6.98E-0005 5.78E-0006 9.45E-0005 6.78E-0006 7.73E-0005 3.54E-0007 1.69E-0005 1.57E-0007 1.57E-0006 2.49E-0007 5.13E-0006 1.77E-0008 2.82E-0008 2.57E-0009 1.05E-0006 3.85E-0007 6.93E-0005 8.73E-0007 2.46E-0006
 5.01E+0002 4.61E+0000 1.40E-0002 0.00E+0000 0.00E+0000 0.00E+0000 1.00E-0004 2.79E-0005 2.25E-0004 1.02E-0009 3.09E-0005 2.55E-0006 4.18E-0005 3.00E-0006 3.42E-0005 1.57E-0007 7.49E-0006 6.92E-0008 6.92E-0007 1.10E-0007 2.27E-0006 7.83E-0009 1.25E-0008 1.13E-0009 4.65E-0007 1.70E-0007 3.06E-0005 3.86E-0007 1.09E-0006
 6.31E+0002 2.26E+0000 6.01E-0003 0.00E+0000 0.00E+0000 0.00E+0000 4.30E-0005 1.20E-0005 9.67E-0005 4.40E-0010 1.33E-0005 1.10E-0006 1.80E-0005 1.29E-0006 1.47E-0005 6.74E-0008 3.22E-0006 2.98E-0008 2.98E-0007 4.74E-0008 9.77E-0007 3.37E-0009 5.37E-0009 4.88E-0010 2.00E-0007 7.33E-0008 1.32E-0005 1.66E-0007 4.69E-0007
 7.94E+0002 1.08E+0000 2.51E-0003 0.00E+0000 0.00E+0000 0.00E+0000 1.80E-0005 5.02E-0006 4.04E-0005 1.84E-0010 5.55E-0006 4.59E-0007 7.51E-0006 5.39E-0007 6.14E-0006 2.82E-0008 1.35E-0006 1.25E-0008 1.25E-0007 1.98E-0008 4.08E-0007 1.41E-0009 2.25E-0009 2.04E-0010 8.37E-0008 3.06E-0008 5.51E-0006 6.94E-0008 1.96E-0007
 1.00E+0003 5.04E-0001 1.02E-0003 0.00E+0000 0.00E+0000 0.00E+0000 7.27E-0006 2.03E-0006 1.63E-0005 7.43E-0011 2.24E-0006 1.86E-0007 3.04E-0006 2.18E-0007 2.48E-0006 1.14E-0008 5.45E-0007 5.03E-0009 5.03E-0008 8.00E-0009 1.65E-0007 5.69E-0010 9.08E-0010 8.25E-0011 3.38E-0008 1.24E-0008 2.23E-0006 2.81E-0008 7.92E-0008
 1.26E+0003 2.28E-0001 3.96E-0004 0.00E+0000 0.00E+0000 0.00E+0000 2.84E-0006 7.92E-0007 6.38E-0006 2.90E-0011 8.76E-0007 7.25E-0008 1.19E-0006 8.50E-0008 9.69E-0007 4.44E-0009 2.13E-0007 1.96E-0009 1.96E-0008 3.12E-0009 6.44E-0008 2.22E-0010 3.54E-0010 3.22E-0011 1.32E-0008 4.83E-0009 8.69E-0007 1.09E-0008 3.09E-0008
 1.58E+0003 9.96E-0002 1.49E-0004 0.00E+0000 0.00E+0000 0.00E+0000 1.07E-0006 2.98E-0007 2.40E-0006 1.09E-0011 3.29E-0007 2.72E-0008 4.45E-0007 3.19E-0008 3.64E-0007 1.67E-0009 7.99E-0008 7.38E-0010 7.38E-0009 1.17E-0009 2.42E-0008 8.35E-0011 1.33E-0010 1.21E-0011 4.96E-0009 1.81E-0009 3.27E-0007 4.11E-0009 1.16E-0008
 2.00E+0003 4.21E-0002 5.38E-0005 0.00E+0000 0.00E+0000 0.00E+0000 3.85E-0007 1.08E-0007 8.66E-0007 3.93E-0012 1.19E-0007 9.84E-0009 1.61E-0007 1.15E-0008 1.32E-0007 6.03E-0010 2.89E-0008 2.67E-0010 2.67E-0009 4.24E-0010 8.74E-0009 3.02E-0011 4.81E-0011 4.37E-0012 1.79E-0009 6.56E-0010 1.18E-0007 1.49E-0009 4.20E-0009
 2.51E+0003 1.72E-0002 1.87E-0005 0.00E+0000 0.00E+0000 0.00E+0000 1.34E-0007 3.74E-0008 3.01E-0007 1.37E-0012 4.13E-0008 3.42E-0009 5.59E-0008 4.01E-0009 4.57E-0008 2.10E-0010 1.00E-0008 9.26E-0011 9.26E-0010 1.47E-0010 3.04E-0009 1.05E-0011 1.67E-0011 1.52E-0012 6.23E-0010 2.28E-0010 4.10E-0008 5.16E-0010 1.46E-0009
 3.16E+0003 6.83E-0003 6.24E-0006 0.00E+0000 0.00E+0000 0.00E+0000 4.47E-0008 1.25E-0008 1.01E-0007 4.57E-0013 1.38E-0008 1.14E-0009 1.87E-0008 1.34E-0009 1.53E-0008 7.00E-0011 3.35E-0009 3.10E-0011 3.10E-0010 4.92E-0011 1.02E-0009 3.50E-0012 5.58E-0012 5.08E-0013 2.08E-0010 7.61E-0011 1.37E-0008 1.73E-0010 4.87E-0010
 3.98E+0003 2.63E-0003 2.01E-0006 0.00E+0000 0.00E+0000 0.00E+0000 1.44E-0008 4.02E-0009 3.24E-0008 1.47E-0013 4.45E-0009 3.68E-0010 6.02E-0009 4.32E-0010 4.92E-0009 2.26E-0011 1.08E-0009 9.98E-0012 9.98E-0011 1.59E-0011 3.27E-0010 1.13E-0012 1.80E-0012 1.64E-0013 6.71E-0011 2.45E-0011 4.42E-0009 5.56E-0011 1.57E-0010
 5.01E+0003 9.80E-0004 6.26E-0007 0.00E+0000 0.00E+0000 0.00E+0000 4.49E-0009 1.25E-0009 1.01E-0008 4.58E-0014 1.38E-0009 1.15E-0010 1.87E-0009 1.34E-0010 1.53E-0009 7.03E-0012 3.36E-0010 3.11E-0012 3.11E-0011 4.94E-0012 1.02E-0010 3.51E-0013 5.60E-0013 5.09E-0014 2.09E-0011 7.64E-0012 1.37E-0009 1.73E-0011 4.89E-0011
 6.31E+0003 3.56E-0004 1.89E-0007 0.00E+0000 0.00E+0000 0.00E+0000 1.35E-0009 3.78E-0010 3.04E-0009 1.38E-0014 4.18E-0010 3.46E-0011 5.65E-0010 4.06E-0011 4.62E-0010 2.12E-0012 1.01E-0010 9.37E-0013 9.37E-0012 1.49E-0012 3.07E-0011 1.06E-0013 1.69E-0013 1.54E-0014 6.30E-0012 2.30E-0012 4.15E-0010 5.22E-0012 1.47E-0011
 7.94E+0003 1.26E-0004 5.55E-0008 0.00E+0000 0.00E+0000 0.00E+0000 3.97E-0010 1.11E-0010 8.93E-0010 4.06E-0015 1.23E-0010 1.01E-0011 1.66E-0010 1.19E-0011 1.36E-0010 6.22E-0013 2.98E-0011 2.75E-0013 2.75E-0012 4.37E-0013 9.02E-0012 3.11E-0014 4.96E-0014 4.51E-0015 1.85E-0012 6.76E-0013 1.22E-0010 1.53E-0012 4.33E-0012
 1.00E+0004 4.40E-0005 1.59E-0008 0.00E+0000 0.00E+0000 0.00E+0000 1.14E-0010 3.18E-0011 2.56E-0010 1.16E-0015 3.51E-0011 2.91E-0012 4.75E-0011 3.41E-0012 3.89E-0011 1.78E-0013 8.52E-0012 7.88E-0014 7.88E-0013 1.25E-0013 2.58E-0012 8.91E-0015 1.42E-0014 1.29E-0015 5.29E-0013 1.94E-0013 3.49E-0011 4.39E-0013 1.24E-0012
 1.26E+0004 1.50E-0005 4.45E-0009 0.00E+0000 0.00E+0000 0.00E+0000 3.19E-0011 8.91E-0012 7.17E-0011 3.26E-0016 9.85E-0012 8.15E-0013 1.33E-0011 9.56E-0013 1.09E-0011 5.00E-0014 2.39E-0012 2.21E-0014 2.21E-0013 3.51E-0014 7.24E-0013 2.50E-0015 3.98E-0015 3.62E-0016 1.48E-0013 5.43E-0014 9.78E-0012 1.23E-0013 3.48E-0013
