Apogee = 36000 km.
Perigee = 36000 km.
Inclination = 0.0 deg.
Argument of perigee = 0.0 deg.
Start = 1 year
Flight time = 10 year(s)
Probability = 0.100
Solar cycle - mean
SEP LET SPECTRUM behind shielding
Maximal peak FLUX [particles/(MeV/(g/cm2)*cm2*s)]
1 col. - LET [MeV/(g/cm2)]
2 col. - shielding= 1.50E+0000
3 col. - shielding= 1.75E+0000
4 col. - shielding= 2.00E+0000
5 col. - shielding= 2.25E+0000
6 col. - shielding= 2.50E+0000
7 col. - shielding= 2.75E+0000
8 col. - shielding= 3.00E+0000
9 col. - shielding= 3.50E+0000
10 col. - shielding= 4.00E+0000
 1.26E+0000 0.00E+0000 0.00E+0000 0.00E+0000 0.00E+0000 0.00E+0000 0.00E+0000 0.00E+0000 0.00E+0000 0.00E+0000
 1.58E+0000 6.39E+0002 6.37E+0002 6.35E+0002 6.32E+0002 6.30E+0002 6.28E+0002 6.26E+0002 6.21E+0002 6.16E+0002
 2.00E+0000 1.80E+0003 1.79E+0003 1.78E+0003 1.77E+0003 1.76E+0003 1.76E+0003 1.75E+0003 1.73E+0003 1.72E+0003
 2.51E+0000 2.88E+0003 2.86E+0003 2.84E+0003 2.82E+0003 2.80E+0003 2.79E+0003 2.77E+0003 2.73E+0003 2.69E+0003
 3.16E+0000 4.12E+0003 4.07E+0003 4.03E+0003 3.98E+0003 3.94E+0003 3.90E+0003 3.86E+0003 3.78E+0003 3.70E+0003
 3.98E+0000 5.50E+0003 5.40E+0003 5.31E+0003 5.23E+0003 5.14E+0003 5.06E+0003 4.98E+0003 4.82E+0003 4.68E+0003
 5.01E+0000 6.76E+0003 6.58E+0003 6.42E+0003 6.26E+0003 6.11E+0003 5.97E+0003 5.83E+0003 5.57E+0003 5.31E+0003
 6.31E+0000 7.98E+0003 7.67E+0003 7.37E+0003 7.10E+0003 6.84E+0003 6.51E+0003 6.28E+0003 5.86E+0003 5.24E+0003
 7.94E+0000 8.52E+0003 8.03E+0003 7.46E+0003 7.05E+0003 6.68E+0003 6.15E+0003 5.84E+0003 5.27E+0003 4.70E+0003
 1.00E+0001 8.29E+0003 7.60E+0003 6.88E+0003 6.35E+0003 5.88E+0003 5.40E+0003 5.02E+0003 4.38E+0003 3.82E+0003
 1.26E+0001 7.17E+0003 6.33E+0003 5.59E+0003 5.01E+0003 4.51E+0003 4.06E+0003 3.69E+0003 3.09E+0003 2.62E+0003
 1.58E+0001 5.68E+0003 4.84E+0003 4.16E+0003 3.62E+0003 3.19E+0003 2.82E+0003 2.52E+0003 2.04E+0003 1.69E+0003
 2.00E+0001 4.06E+0003 3.35E+0003 2.81E+0003 2.39E+0003 2.06E+0003 1.79E+0003 1.58E+0003 1.25E+0003 1.01E+0003
 2.51E+0001 2.61E+0003 2.10E+0003 1.72E+0003 1.44E+0003 1.22E+0003 1.04E+0003 9.07E+0002 7.05E+0002 5.62E+0002
 3.16E+0001 1.44E+0003 1.13E+0003 9.09E+0002 7.49E+0002 6.28E+0002 5.33E+0002 4.59E+0002 3.52E+0002 2.78E+0002
 3.98E+0001 8.15E+0002 6.31E+0002 5.02E+0002 4.11E+0002 3.42E+0002 2.89E+0002 2.48E+0002 1.88E+0002 1.48E+0002
 5.01E+0001 4.45E+0002 3.41E+0002 2.70E+0002 2.19E+0002 1.82E+0002 1.53E+0002 1.30E+0002 9.84E+0001 7.69E+0001
 6.31E+0001 2.20E+0002 1.67E+0002 1.32E+0002 1.07E+0002 8.80E+0001 7.38E+0001 6.28E+0001 4.70E+0001 3.66E+0001
 7.94E+0001 1.11E+0002 8.42E+0001 6.59E+0001 5.30E+0001 4.36E+0001 3.64E+0001 3.09E+0001 2.30E+0001 1.78E+0001
 1.00E+0002 5.74E+0001 4.31E+0001 3.36E+0001 2.69E+0001 2.21E+0001 1.84E+0001 1.55E+0001 1.15E+0001 8.91E+0000
 1.26E+0002 2.63E+0001 1.97E+0001 1.53E+0001 1.22E+0001 9.97E+0000 8.29E+0000 7.00E+0000 5.18E+0000 3.99E+0000
 1.58E+0002 1.34E+0001 9.95E+0000 7.70E+0000 6.14E+0000 5.01E+0000 4.16E+0000 3.51E+0000 2.59E+0000 2.00E+0000
 2.00E+0002 4.96E+0000 3.68E+0000 2.84E+0000 2.26E+0000 1.84E+0000 1.53E+0000 1.29E+0000 9.49E-0001 7.29E-0001
 2.51E+0002 6.72E-0001 4.87E-0001 3.69E-0001 2.88E-0001 2.31E-0001 1.89E-0001 1.57E-0001 1.13E-0001 8.55E-0002
 3.16E+0002 3.10E-0001 2.26E-0001 1.71E-0001 1.34E-0001 1.08E-0001 8.84E-0002 7.38E-0002 5.35E-0002 4.05E-0002
 3.98E+0002 1.64E-0001 1.19E-0001 9.08E-0002 7.13E-0002 5.74E-0002 4.72E-0002 3.94E-0002 2.86E-0002 2.16E-0002
 5.01E+0002 7.73E-0002 5.67E-0002 4.33E-0002 3.42E-0002 2.76E-0002 2.27E-0002 1.90E-0002 1.38E-0002 1.05E-0002
 6.31E+0002 3.54E-0002 2.61E-0002 2.00E-0002 1.58E-0002 1.28E-0002 1.06E-0002 8.86E-0003 6.45E-0003 4.90E-0003
 7.94E+0002 6.99E-0003 5.42E-0003 4.30E-0003 3.50E-0003 2.89E-0003 2.44E-0003 2.08E-0003 1.55E-0003 1.19E-0003
 1.00E+0003 4.39E-0003 3.33E-0003 2.62E-0003 2.10E-0003 1.72E-0003 1.43E-0003 1.21E-0003 8.91E-0004 6.78E-0004
 1.26E+0003 2.62E-0003 1.96E-0003 1.52E-0003 1.21E-0003 9.83E-0004 8.13E-0004 6.83E-0004 4.98E-0004 3.76E-0004
 1.58E+0003 1.50E-0003 1.12E-0003 8.59E-0004 6.81E-0004 5.52E-0004 4.55E-0004 3.81E-0004 2.78E-0004 2.10E-0004
 2.00E+0003 8.43E-0004 6.23E-0004 4.79E-0004 3.79E-0004 3.07E-0004 2.53E-0004 2.12E-0004 1.54E-0004 1.16E-0004
 2.51E+0003 4.74E-0004 3.50E-0004 2.68E-0004 2.12E-0004 1.71E-0004 1.41E-0004 1.18E-0004 8.52E-0005 6.39E-0005
 3.16E+0003 2.60E-0004 1.91E-0004 1.46E-0004 1.15E-0004 9.28E-0005 7.60E-0005 6.31E-0005 4.53E-0005 3.38E-0005
 3.98E+0003 1.45E-0004 1.06E-0004 8.04E-0005 6.30E-0005 5.05E-0005 4.12E-0005 3.41E-0005 2.42E-0005 1.78E-0005
 5.01E+0003 7.37E-0005 5.33E-0005 4.01E-0005 3.12E-0005 2.47E-0005 2.01E-0005 1.65E-0005 1.16E-0005 8.48E-0006
 6.31E+0003 3.70E-0005 2.65E-0005 1.98E-0005 1.53E-0005 1.21E-0005 9.77E-0006 8.00E-0006 5.61E-0006 4.07E-0006
 7.94E+0003 1.50E-0005 1.07E-0005 7.91E-0006 6.07E-0006 4.78E-0006 3.84E-0006 3.13E-0006 2.19E-0006 1.57E-0006
 1.00E+0004 7.31E-0006 5.16E-0006 3.80E-0006 2.89E-0006 2.27E-0006 1.82E-0006 1.48E-0006 1.03E-0006 7.36E-0007
 1.26E+0004 3.04E-0006 2.13E-0006 1.56E-0006 1.18E-0006 9.24E-0007 7.37E-0007 5.98E-0007 4.15E-0007 2.96E-0007
 1.58E+0004 1.23E-0006 8.61E-0007 6.26E-0007 4.71E-0007 3.68E-0007 2.93E-0007 2.37E-0007 1.64E-0007 1.17E-0007
 2.00E+0004 5.48E-0007 3.82E-0007 2.77E-0007 2.08E-0007 1.62E-0007 1.29E-0007 1.04E-0007 7.14E-0008 5.10E-0008
 2.51E+0004 2.59E-0007 1.80E-0007 1.30E-0007 9.74E-0008 7.59E-0008 6.03E-0008 4.88E-0008 3.34E-0008 2.38E-0008
 3.16E+0004 1.57E-0008 1.09E-0008 7.88E-0009 5.91E-0009 4.60E-0009 3.65E-0009 2.95E-0009 2.02E-0009 1.44E-0009
 3.98E+0004 0.00E+0000 0.00E+0000 0.00E+0000 0.00E+0000 0.00E+0000 0.00E+0000 0.00E+0000 0.00E+0000 0.00E+0000
 5.01E+0004 0.00E+0000 0.00E+0000 0.00E+0000 0.00E+0000 0.00E+0000 0.00E+0000 0.00E+0000 0.00E+0000 0.00E+0000
 6.31E+0004 0.00E+0000 0.00E+0000 0.00E+0000 0.00E+0000 0.00E+0000 0.00E+0000 0.00E+0000 0.00E+0000 0.00E+0000
 7.94E+0004 0.00E+0000 0.00E+0000 0.00E+0000 0.00E+0000 0.00E+0000 0.00E+0000 0.00E+0000 0.00E+0000 0.00E+0000
 1.00E+0005 0.00E+0000 0.00E+0000 0.00E+0000 0.00E+0000 0.00E+0000 0.00E+0000 0.00E+0000 0.00E+0000 0.00E+0000
 1.26E+0005 0.00E+0000 0.00E+0000 0.00E+0000 0.00E+0000 0.00E+0000 0.00E+0000 0.00E+0000 0.00E+0000 0.00E+0000
 1.58E+0005 0.00E+0000 0.00E+0000 0.00E+0000 0.00E+0000 0.00E+0000 0.00E+0000 0.00E+0000 0.00E+0000 0.00E+0000
 2.00E+0005 0.00E+0000 0.00E+0000 0.00E+0000 0.00E+0000 0.00E+0000 0.00E+0000 0.00E+0000 0.00E+0000 0.00E+0000
 2.51E+0005 0.00E+0000 0.00E+0000 0.00E+0000 0.00E+0000 0.00E+0000 0.00E+0000 0.00E+0000 0.00E+0000 0.00E+0000
 3.16E+0005 0.00E+0000 0.00E+0000 0.00E+0000 0.00E+0000 0.00E+0000 0.00E+0000 0.00E+0000 0.00E+0000 0.00E+0000
 3.98E+0005 0.00E+0000 0.00E+0000 0.00E+0000 0.00E+0000 0.00E+0000 0.00E+0000 0.00E+0000 0.00E+0000 0.00E+0000
 5.01E+0005 0.00E+0000 0.00E+0000 0.00E+0000 0.00E+0000 0.00E+0000 0.00E+0000 0.00E+0000 0.00E+0000 0.00E+0000
 6.31E+0005 0.00E+0000 0.00E+0000 0.00E+0000 0.00E+0000 0.00E+0000 0.00E+0000 0.00E+0000 0.00E+0000 0.00E+0000
 7.94E+0005 0.00E+0000 0.00E+0000 0.00E+0000 0.00E+0000 0.00E+0000 0.00E+0000 0.00E+0000 0.00E+0000 0.00E+0000
