Apogee = 36000 km.
Perigee = 36000 km.
Inclination = 0.0 deg.
Argument of perigee = 0.0 deg.
Start = 1 year
Flight time = 10 year(s)
Probability = 0.100
Solar cycle - mean
SOLAR PROTON SPECTRUM behind shielding
Maximal peak FLUX [protons/(MeV*cm2*s)]
1 col. - Energy [MeV]
2 col. - shielding= 1.50E+0000
3 col. - shielding= 1.75E+0000
4 col. - shielding= 2.00E+0000
5 col. - shielding= 2.25E+0000
6 col. - shielding= 2.50E+0000
7 col. - shielding= 2.75E+0000
8 col. - shielding= 3.00E+0000
9 col. - shielding= 3.50E+0000
10 col. - shielding= 4.00E+0000
 1.26E-0001 0.00E+0000 0.00E+0000 0.00E+0000 0.00E+0000 0.00E+0000 0.00E+0000 0.00E+0000 0.00E+0000 0.00E+0000
 1.58E-0001 0.00E+0000 0.00E+0000 0.00E+0000 0.00E+0000 0.00E+0000 0.00E+0000 0.00E+0000 0.00E+0000 0.00E+0000
 2.00E-0001 0.00E+0000 0.00E+0000 0.00E+0000 0.00E+0000 0.00E+0000 0.00E+0000 0.00E+0000 0.00E+0000 0.00E+0000
 2.51E-0001 0.00E+0000 0.00E+0000 0.00E+0000 0.00E+0000 0.00E+0000 0.00E+0000 0.00E+0000 0.00E+0000 0.00E+0000
 3.16E-0001 0.00E+0000 0.00E+0000 0.00E+0000 0.00E+0000 0.00E+0000 0.00E+0000 0.00E+0000 0.00E+0000 0.00E+0000
 3.98E-0001 0.00E+0000 0.00E+0000 0.00E+0000 0.00E+0000 0.00E+0000 0.00E+0000 0.00E+0000 0.00E+0000 0.00E+0000
 5.01E-0001 0.00E+0000 0.00E+0000 0.00E+0000 0.00E+0000 0.00E+0000 0.00E+0000 0.00E+0000 0.00E+0000 0.00E+0000
 6.31E-0001 0.00E+0000 0.00E+0000 0.00E+0000 0.00E+0000 0.00E+0000 0.00E+0000 0.00E+0000 0.00E+0000 0.00E+0000
 7.94E-0001 0.00E+0000 0.00E+0000 0.00E+0000 0.00E+0000 0.00E+0000 0.00E+0000 0.00E+0000 0.00E+0000 0.00E+0000
 1.00E+0000 6.45E+0002 4.83E+0002 3.75E+0002 3.00E+0002 2.46E+0002 2.05E+0002 1.73E+0002 1.29E+0002 9.96E+0001
 1.26E+0000 7.51E+0002 5.62E+0002 4.37E+0002 3.49E+0002 2.86E+0002 2.39E+0002 2.02E+0002 1.50E+0002 1.16E+0002
 1.58E+0000 8.76E+0002 6.56E+0002 5.10E+0002 4.08E+0002 3.35E+0002 2.79E+0002 2.36E+0002 1.75E+0002 1.36E+0002
 2.00E+0000 1.03E+0003 7.68E+0002 5.98E+0002 4.78E+0002 3.92E+0002 3.27E+0002 2.77E+0002 2.06E+0002 1.59E+0002
 2.51E+0000 1.20E+0003 9.01E+0002 7.02E+0002 5.62E+0002 4.61E+0002 3.84E+0002 3.26E+0002 2.42E+0002 1.87E+0002
 3.16E+0000 1.41E+0003 1.06E+0003 8.24E+0002 6.61E+0002 5.42E+0002 4.53E+0002 3.83E+0002 2.85E+0002 2.21E+0002
 3.98E+0000 1.65E+0003 1.24E+0003 9.68E+0002 7.78E+0002 6.39E+0002 5.34E+0002 4.53E+0002 3.37E+0002 2.62E+0002
 5.01E+0000 1.92E+0003 1.45E+0003 1.13E+0003 9.13E+0002 7.52E+0002 6.28E+0002 5.33E+0002 3.99E+0002 3.10E+0002
 6.31E+0000 2.21E+0003 1.68E+0003 1.32E+0003 1.06E+0003 8.78E+0002 7.36E+0002 6.26E+0002 4.69E+0002 3.65E+0002
 7.94E+0000 2.51E+0003 1.92E+0003 1.52E+0003 1.23E+0003 1.02E+0003 8.54E+0002 7.28E+0002 5.48E+0002 4.27E+0002
 1.00E+0001 2.79E+0003 2.15E+0003 1.71E+0003 1.40E+0003 1.16E+0003 9.79E+0002 8.38E+0002 6.34E+0002 4.96E+0002
 1.26E+0001 3.00E+0003 2.35E+0003 1.89E+0003 1.55E+0003 1.30E+0003 1.10E+0003 9.47E+0002 7.23E+0002 5.69E+0002
 1.58E+0001 3.10E+0003 2.47E+0003 2.01E+0003 1.67E+0003 1.41E+0003 1.21E+0003 1.04E+0003 8.06E+0002 6.39E+0002
 2.00E+0001 3.02E+0003 2.46E+0003 2.04E+0003 1.72E+0003 1.47E+0003 1.27E+0003 1.11E+0003 8.70E+0002 6.97E+0002
 2.51E+0001 2.75E+0003 2.30E+0003 1.95E+0003 1.67E+0003 1.45E+0003 1.27E+0003 1.13E+0003 8.98E+0002 7.31E+0002
 3.16E+0001 2.32E+0003 2.00E+0003 1.73E+0003 1.52E+0003 1.35E+0003 1.20E+0003 1.07E+0003 8.76E+0002 7.27E+0002
 3.98E+0001 1.81E+0003 1.61E+0003 1.42E+0003 1.28E+0003 1.16E+0003 1.04E+0003 9.50E+0002 8.00E+0002 6.79E+0002
 5.01E+0001 1.32E+0003 1.20E+0003 1.08E+0003 9.97E+0002 9.19E+0002 8.41E+0002 7.80E+0002 6.76E+0002 5.86E+0002
 6.31E+0001 9.06E+0002 8.48E+0002 7.73E+0002 7.24E+0002 6.81E+0002 6.28E+0002 5.92E+0002 5.29E+0002 4.68E+0002
 7.94E+0001 5.77E+0002 5.50E+0002 5.24E+0002 5.01E+0002 4.79E+0002 4.41E+0002 4.21E+0002 3.86E+0002 3.46E+0002
 1.00E+0002 3.49E+0002 3.37E+0002 3.26E+0002 3.15E+0002 3.04E+0002 2.95E+0002 2.85E+0002 2.69E+0002 2.40E+0002
 1.26E+0002 2.02E+0002 1.96E+0002 1.91E+0002 1.87E+0002 1.82E+0002 1.77E+0002 1.73E+0002 1.65E+0002 1.58E+0002
 1.58E+0002 1.12E+0002 1.10E+0002 1.08E+0002 1.06E+0002 1.04E+0002 1.02E+0002 1.00E+0002 9.70E+0001 9.38E+0001
 2.00E+0002 6.19E+0001 6.10E+0001 6.01E+0001 5.93E+0001 5.84E+0001 5.76E+0001 5.68E+0001 5.53E+0001 5.38E+0001
 2.51E+0002 3.28E+0001 3.25E+0001 3.21E+0001 3.18E+0001 3.15E+0001 3.11E+0001 3.08E+0001 3.02E+0001 2.96E+0001
 3.16E+0002 1.73E+0001 1.71E+0001 1.70E+0001 1.68E+0001 1.67E+0001 1.66E+0001 1.65E+0001 1.62E+0001 1.59E+0001
 3.98E+0002 8.90E+0000 8.84E+0000 8.79E+0000 8.74E+0000 8.68E+0000 8.63E+0000 8.58E+0000 8.47E+0000 8.36E+0000
 5.01E+0002 4.49E+0000 4.47E+0000 4.44E+0000 4.42E+0000 4.40E+0000 4.38E+0000 4.35E+0000 4.31E+0000 4.26E+0000
 6.31E+0002 2.21E+0000 2.20E+0000 2.19E+0000 2.18E+0000 2.17E+0000 2.16E+0000 2.15E+0000 2.13E+0000 2.11E+0000
 7.94E+0002 1.06E+0000 1.05E+0000 1.05E+0000 1.05E+0000 1.04E+0000 1.04E+0000 1.03E+0000 1.02E+0000 1.02E+0000
 1.00E+0003 4.95E-0001 4.93E-0001 4.91E-0001 4.90E-0001 4.88E-0001 4.86E-0001 4.84E-0001 4.80E-0001 4.77E-0001
 1.26E+0003 2.25E-0001 2.24E-0001 2.23E-0001 2.22E-0001 2.22E-0001 2.21E-0001 2.20E-0001 2.18E-0001 2.17E-0001
 1.58E+0003 9.69E-0002 9.66E-0002 9.62E-0002 9.59E-0002 9.56E-0002 9.52E-0002 9.49E-0002 9.42E-0002 9.36E-0002
 2.00E+0003 4.18E-0002 4.16E-0002 4.15E-0002 4.14E-0002 4.12E-0002 4.11E-0002 4.09E-0002 4.07E-0002 4.04E-0002
 2.51E+0003 1.69E-0002 1.68E-0002 1.68E-0002 1.67E-0002 1.67E-0002 1.66E-0002 1.65E-0002 1.64E-0002 1.63E-0002
 3.16E+0003 6.70E-0003 6.68E-0003 6.66E-0003 6.64E-0003 6.62E-0003 6.59E-0003 6.57E-0003 6.53E-0003 6.48E-0003
 3.98E+0003 2.59E-0003 2.58E-0003 2.57E-0003 2.56E-0003 2.55E-0003 2.54E-0003 2.54E-0003 2.52E-0003 2.50E-0003
 5.01E+0003 9.63E-0004 9.60E-0004 9.57E-0004 9.54E-0004 9.51E-0004 9.48E-0004 9.45E-0004 9.38E-0004 9.32E-0004
 6.31E+0003 3.51E-0004 3.49E-0004 3.48E-0004 3.47E-0004 3.46E-0004 3.45E-0004 3.44E-0004 3.42E-0004 3.39E-0004
 7.94E+0003 1.24E-0004 1.23E-0004 1.23E-0004 1.23E-0004 1.22E-0004 1.22E-0004 1.21E-0004 1.21E-0004 1.20E-0004
 1.00E+0004 4.32E-0005 4.31E-0005 4.29E-0005 4.28E-0005 4.26E-0005 4.25E-0005 4.24E-0005 4.21E-0005 4.18E-0005
