0.000000000000e+00	0.000000000000e+00
1.000000000000e-03	0.000000000000e+00
1.035142166679e-03	0.000000000000e+00
1.071519305238e-03	0.000000000000e+00
1.109174815262e-03	0.000000000000e+00
1.148153621497e-03	0.000000000000e+00
1.188502227437e-03	0.000000000000e+00
1.230268770812e-03	0.000000000000e+00
1.273503081017e-03	0.000000000000e+00
1.318256738556e-03	0.000000000000e+00
1.364583136589e-03	0.000000000000e+00
1.412537544623e-03	0.000000000000e+00
1.462177174457e-03	0.000000000000e+00
1.513561248436e-03	0.000000000000e+00
1.566751070108e-03	0.000000000000e+00
1.621810097359e-03	0.000000000000e+00
1.678804018123e-03	0.000000000000e+00
1.737800828749e-03	0.000000000000e+00
1.798870915129e-03	0.000000000000e+00
1.862087136663e-03	0.000000000000e+00
1.927524913191e-03	0.000000000000e+00
1.995262314969e-03	0.000000000000e+00
2.065380155811e-03	0.000000000000e+00
2.137962089502e-03	0.000000000000e+00
2.213094709606e-03	0.000000000000e+00
2.290867652768e-03	0.000000000000e+00
2.371373705662e-03	0.000000000000e+00
2.454708915685e-03	0.000000000000e+00
2.540972705549e-03	0.000000000000e+00
2.630267991895e-03	0.000000000000e+00
2.722701308078e-03	0.000000000000e+00
2.818382931264e-03	0.000000000000e+00
2.917427014001e-03	0.000000000000e+00
3.019951720402e-03	0.000000000000e+00
3.126079367124e-03	0.000000000000e+00
3.235936569296e-03	0.000000000000e+00
3.349654391578e-03	0.000000000000e+00
3.467368504525e-03	0.000000000000e+00
3.589219346450e-03	0.000000000000e+00
3.715352290972e-03	0.000000000000e+00
3.845917820454e-03	0.000000000000e+00
3.981071705535e-03	0.000000000000e+00
4.120975190973e-03	0.000000000000e+00
4.265795188016e-03	0.000000000000e+00
4.415704473533e-03	0.000000000000e+00
4.570881896149e-03	0.000000000000e+00
4.731512589615e-03	0.000000000000e+00
4.897788193684e-03	0.000000000000e+00
5.069907082747e-03	0.000000000000e+00
5.248074602498e-03	0.000000000000e+00
5.432503314924e-03	0.000000000000e+00
5.623413251903e-03	0.000000000000e+00
5.821032177709e-03	0.000000000000e+00
6.025595860744e-03	0.000000000000e+00
6.237348354824e-03	0.000000000000e+00
6.456542290347e-03	0.000000000000e+00
6.683439175686e-03	0.000000000000e+00
6.918309709189e-03	0.000000000000e+00
7.161434102129e-03	0.000000000000e+00
7.413102413009e-03	0.000000000000e+00
7.673614893618e-03	0.000000000000e+00
7.943282347243e-03	0.000000000000e+00
8.222426499471e-03	0.000000000000e+00
8.511380382024e-03	0.000000000000e+00
8.810488730080e-03	0.000000000000e+00
9.120108393559e-03	0.000000000000e+00
9.440608762859e-03	0.000000000000e+00
9.772372209558e-03	0.000000000000e+00
1.011579454260e-02	0.000000000000e+00
1.047128548051e-02	0.000000000000e+00
1.083926914021e-02	0.000000000000e+00
1.122018454302e-02	0.000000000000e+00
1.161448613840e-02	0.000000000000e+00
1.202264434617e-02	0.000000000000e+00
1.244514611771e-02	0.000000000000e+00
1.288249551693e-02	0.000000000000e+00
1.333521432163e-02	0.000000000000e+00
1.380384264603e-02	0.000000000000e+00
1.428893958511e-02	0.000000000000e+00
1.479108388168e-02	0.000000000000e+00
1.531087461682e-02	0.000000000000e+00
1.584893192461e-02	0.000000000000e+00
1.640589773200e-02	0.000000000000e+00
1.698243652462e-02	0.000000000000e+00
1.757923613959e-02	0.000000000000e+00
1.819700858610e-02	0.000000000000e+00
1.883649089490e-02	0.000000000000e+00
1.949844599758e-02	0.000000000000e+00
2.018366363682e-02	0.000000000000e+00
2.089296130854e-02	0.000000000000e+00
2.162718523727e-02	0.000000000000e+00
2.238721138568e-02	0.000000000000e+00
2.317394649968e-02	0.000000000000e+00
2.398832919019e-02	0.000000000000e+00
2.483133105296e-02	0.000000000000e+00
2.570395782769e-02	0.000000000000e+00
2.660725059799e-02	0.000000000000e+00
2.754228703338e-02	0.000000000000e+00
2.851018267504e-02	0.000000000000e+00
2.951209226666e-02	0.000000000000e+00
3.054921113216e-02	0.000000000000e+00
3.162277660168e-02	0.000000000000e+00
3.273406948788e-02	0.000000000000e+00
3.388441561392e-02	0.000000000000e+00
3.507518739526e-02	0.000000000000e+00
3.630780547701e-02	0.000000000000e+00
3.758374042884e-02	0.000000000000e+00
3.890451449943e-02	0.000000000000e+00
4.027170343255e-02	0.000000000000e+00
4.168693834703e-02	0.000000000000e+00
4.315190768278e-02	0.000000000000e+00
4.466835921510e-02	0.000000000000e+00
4.623810213993e-02	0.000000000000e+00
4.786300923226e-02	0.000000000000e+00
4.954501908048e-02	0.000000000000e+00
5.128613839914e-02	0.000000000000e+00
5.308844442310e-02	0.000000000000e+00
5.495408738576e-02	0.000000000000e+00
5.688529308438e-02	0.000000000000e+00
5.888436553556e-02	0.000000000000e+00
6.095368972402e-02	0.000000000000e+00
6.309573444802e-02	0.000000000000e+00
6.531305526475e-02	0.000000000000e+00
6.760829753920e-02	0.000000000000e+00
6.998419960023e-02	0.000000000000e+00
7.244359600750e-02	0.000000000000e+00
7.498942093325e-02	0.000000000000e+00
7.500000000000e-02	0.000000000000e+00
7.762471166287e-02	0.000000000000e+00
8.035261221856e-02	0.000000000000e+00
8.317637711027e-02	0.000000000000e+00
8.609937521846e-02	0.000000000000e+00
8.912509381337e-02	0.000000000000e+00
9.225714271548e-02	0.000000000000e+00
9.549925860214e-02	0.000000000000e+00
9.885530946569e-02	0.000000000000e+00
1.023292992281e-01	0.000000000000e+00
1.059253725177e-01	0.000000000000e+00
1.096478196143e-01	0.000000000000e+00
1.135010815672e-01	0.000000000000e+00
1.174897554940e-01	0.000000000000e+00
1.216186000646e-01	0.000000000000e+00
1.258925411794e-01	0.000000000000e+00
1.303166778452e-01	0.000000000000e+00
1.348962882592e-01	0.000000000000e+00
1.396368361056e-01	0.000000000000e+00
1.445439770746e-01	0.000000000000e+00
1.496235656094e-01	0.000000000000e+00
1.500000000000e-01	0.000000000000e+00
1.548816618912e-01	2.673835607848e-12
1.603245390690e-01	6.568935840205e-12
1.659586907438e-01	1.107753570734e-11
1.717908387158e-01	1.609796543039e-11
1.778279410039e-01	2.158812669122e-11
1.840772001469e-01	2.752893391970e-11
1.905460717963e-01	3.391297712866e-11
1.972422736115e-01	4.073977454822e-11
2.041737944670e-01	4.801342684194e-11
2.113489039837e-01	5.574132804875e-11
2.187761623950e-01	6.393340361071e-11
2.264644307593e-01	7.260163631532e-11
2.344228815320e-01	8.175976085720e-11
2.426610095082e-01	9.142306281639e-11
2.511886431510e-01	1.016082453566e-10
2.600159563165e-01	1.123333416184e-10
2.691534803927e-01	1.236176590436e-10
2.786121168630e-01	1.354817467328e-10
2.884031503127e-01	1.479473799176e-10
2.985382618918e-01	1.610375575146e-10
3.090295432514e-01	1.747765099572e-10
3.198895109691e-01	1.891897153184e-10
3.311311214826e-01	2.043039223056e-10
3.427677865465e-01	2.201471790925e-10
3.548133892336e-01	2.367488672374e-10
3.672823004981e-01	2.541397401372e-10
3.801893963206e-01	2.723519656118e-10
3.935500754558e-01	2.914191723301e-10
4.073802778041e-01	3.113764998664e-10
4.216965034286e-01	3.322606522456e-10
4.365158322402e-01	3.541099548821e-10
4.518559443749e-01	3.769644148603e-10
4.677351412872e-01	4.008657845335e-10
4.841723675841e-01	4.258576284468e-10
5.011872336273e-01	4.519853936085e-10
5.188000389290e-01	4.792964831543e-10
5.370317963703e-01	5.078403334627e-10
5.559042572704e-01	5.376684947951e-10
5.754399373372e-01	5.688347155416e-10
5.956621435290e-01	6.013950301704e-10
6.165950018615e-01	6.354078509797e-10
6.382634861905e-01	6.709340637683e-10
6.606934480076e-01	7.080371275415e-10
6.839116472814e-01	7.467831783804e-10
7.079457843841e-01	7.872411376089e-10
7.328245331389e-01	8.294828243995e-10
7.585775750292e-01	8.735830729621e-10
7.852356346101e-01	9.196198544734e-10
8.128305161641e-01	9.676744039009e-10
8.413951416452e-01	1.017831351890e-09
8.709635899561e-01	1.070178861880e-09
9.015711376060e-01	1.124808772633e-09
9.332543007970e-01	1.181816746341e-09
9.660508789898e-01	1.241302422519e-09
1.000000000000e+00	1.303369577846e-09
1.035142166679e+00	1.368126292180e-09
1.071519305238e+00	1.435685120922e-09
1.109174815262e+00	1.506163273948e-09
1.148153621497e+00	1.579682801305e-09
1.188502227437e+00	1.656370785891e-09
1.230268770812e+00	1.736359543336e-09
1.273503081017e+00	1.819786829282e-09
1.318256738556e+00	1.906796054311e-09
1.364583136589e+00	1.997536506718e-09
1.412537544623e+00	2.092163583360e-09
1.462177174457e+00	2.190839028809e-09
1.513561248436e+00	2.293731183027e-09
1.566751070108e+00	2.401015237788e-09
1.621810097359e+00	2.512873502061e-09
1.678804018123e+00	2.629495676585e-09
1.737800828749e+00	2.751079137835e-09
1.798870915129e+00	2.877829231598e-09
1.862087136663e+00	3.009959576354e-09
1.927524913191e+00	3.147692376661e-09
1.995262314969e+00	3.291258746726e-09
2.065380155811e+00	3.440899044330e-09
2.137962089502e+00	3.596863215273e-09
2.213094709606e+00	3.759411148472e-09
2.290867652768e+00	3.928813041848e-09
2.371373705662e+00	4.105349779090e-09
2.454708915685e+00	4.289313317384e-09
2.540972705549e+00	4.481007086157e-09
2.630267991895e+00	4.680746396850e-09
2.722701308078e+00	4.888858863711e-09
2.818382931264e+00	5.105684835552e-09
2.917427014001e+00	5.331577838366e-09
3.019951720402e+00	5.566905028667e-09
3.126079367124e+00	5.812047657347e-09
3.235936569296e+00	6.067401543784e-09
3.349654391578e+00	6.333377559891e-09
3.467368504525e+00	6.610402123679e-09
3.589219346450e+00	6.898917701883e-09
3.715352290972e+00	7.199383321056e-09
3.845917820454e+00	7.512275086487e-09
3.981071705535e+00	7.838086708149e-09
4.120975190973e+00	8.177330032807e-09
4.265795188016e+00	8.530535581259e-09
4.415704473533e+00	8.898253089559e-09
4.570881896149e+00	9.281052052920e-09
4.731512589615e+00	9.679522270824e-09
4.897788193684e+00	1.009427439170e-08
5.000000000000e+00	1.035033642859e-08
5.069907082747e+00	1.052594045534e-08
5.248074602498e+00	1.097517443094e-08
5.432503314924e+00	1.144265274866e-08
5.623413251903e+00	1.192907482199e-08
5.821032177709e+00	1.243516355824e-08
6.025595860744e+00	1.296166585418e-08
6.237348354824e+00	1.350935307333e-08
6.456542290347e+00	1.407902150131e-08
6.683439175686e+00	1.467149277517e-08
6.918309709189e+00	1.528761428242e-08
7.161434102129e+00	1.592825952476e-08
7.413102413009e+00	1.659432844162e-08
7.673614893618e+00	1.728674768746e-08
7.943282347243e+00	1.800647085710e-08
8.222426499471e+00	1.875447865215e-08
8.511380382024e+00	1.953177898159e-08
8.810488730080e+00	2.033940698868e-08
9.120108393559e+00	2.117842499596e-08
9.440608762859e+00	2.204992235940e-08
9.772372209558e+00	2.295501522227e-08
1.000000000000e+01	2.357763779037e-08
1.011579454260e+01	2.389484615833e-08
1.047128548051e+01	2.487058369374e-08
1.083926914021e+01	2.588342169582e-08
1.122018454302e+01	2.693457861652e-08
1.161448613840e+01	2.802529657749e-08
1.202264434617e+01	2.915684028294e-08
1.244514611771e+01	3.033049574573e-08
1.288249551693e+01	3.154756881138e-08
1.333521432163e+01	3.280938346386e-08
1.380384264603e+01	3.411727989641e-08
1.428893958511e+01	3.547261232993e-08
1.479108388168e+01	3.687674656058e-08
1.531087461682e+01	3.833105721796e-08
1.584893192461e+01	3.983692471441e-08
1.640589773200e+01	4.139573186560e-08
1.698243652462e+01	4.300886016230e-08
1.757923613959e+01	4.467768567275e-08
1.819700858610e+01	4.640357455523e-08
1.883649089490e+01	4.818787816020e-08
1.949844599758e+01	5.003192770203e-08
2.000000000000e+01	5.142679811292e-08
2.018366363682e+01	5.193702848044e-08
2.089296130854e+01	5.390445363293e-08
2.162718523727e+01	5.593543740033e-08
2.238721138568e+01	5.803116788910e-08
2.317394649968e+01	6.019277931596e-08
2.398832919019e+01	6.242134372258e-08
2.483133105296e+01	6.471786215077e-08
2.570395782769e+01	6.708325527223e-08
2.660725059799e+01	6.951835347030e-08
2.754228703338e+01	7.202388637628e-08
2.851018267504e+01	7.460047186763e-08
2.951209226666e+01	7.724860454167e-08
3.054921113216e+01	7.996864368508e-08
3.162277660168e+01	8.276080076709e-08
3.273406948788e+01	8.562512649300e-08
3.388441561392e+01	8.856149746392e-08
3.507518739526e+01	9.156960249916e-08
3.630780547701e+01	9.464892868907e-08
3.758374042884e+01	9.779874725857e-08
3.890451449943e+01	1.010180993348e-07
4.000000000000e+01	1.036560756623e-07
4.027170343255e+01	1.043057817267e-07
4.168693834703e+01	1.076603328390e-07
4.315190768278e+01	1.110800188599e-07
4.466835921510e+01	1.145628203764e-07
4.623810213993e+01	1.181064195903e-07
4.786300923226e+01	1.217081883227e-07
4.954501908048e+01	1.253651770137e-07
5.128613839914e+01	1.290741049398e-07
5.308844442310e+01	1.328313518869e-07
5.495408738576e+01	1.366329515326e-07
5.688529308438e+01	1.404745868050e-07
5.888436553556e+01	1.443515874932e-07
6.000000000000e+01	1.464714735320e-07
6.095368972402e+01	1.482589303962e-07
6.309573444802e+01	1.521912422997e-07
6.531305526475e+01	1.561428060699e-07
6.760829753920e+01	1.601075701494e-07
6.998419960023e+01	1.640791617304e-07
7.244359600750e+01	1.680509038614e-07
7.498942093325e+01	1.720158367188e-07
7.762471166287e+01	1.759667432453e-07
8.000000000000e+01	1.793972837885e-07
8.035261221856e+01	1.798961793094e-07
8.317637711027e+01	1.837965084943e-07
8.609937521846e+01	1.876599415601e-07
8.912509381337e+01	1.914785805536e-07
9.225714271548e+01	1.952444674573e-07
9.549925860214e+01	1.989496371783e-07
9.885530946569e+01	2.025861745802e-07
1.000000000000e+02	2.037817487623e-07
1.023292992281e+02	2.061462751477e-07
1.059253725177e+02	2.096223087648e-07
1.096478196143e+02	2.130068859663e-07
1.135010815672e+02	2.162929259000e-07
1.174897554940e+02	2.194737251241e-07
1.216186000646e+02	2.225430262437e-07
1.258925411794e+02	2.254950852928e-07
1.303166778452e+02	2.283247366734e-07
1.348962882592e+02	2.310274543955e-07
1.396368361056e+02	2.335994083124e-07
1.445439770746e+02	2.360375140303e-07
1.496235656094e+02	2.383394751849e-07
1.548816618912e+02	2.405038168326e-07
1.603245390690e+02	2.425299088003e-07
1.659586907438e+02	2.444179779764e-07
1.717908387158e+02	2.461691087101e-07
1.778279410039e+02	2.477852307139e-07
1.840772001469e+02	2.492690941346e-07
1.905460717963e+02	2.506242317605e-07
1.972422736115e+02	2.518549086668e-07
2.000000000000e+02	2.523156596991e-07
2.041737944670e+02	2.529660599525e-07
2.113489039837e+02	2.539632175792e-07
2.187761623950e+02	2.548524276725e-07
2.264644307593e+02	2.556401599741e-07
2.344228815320e+02	2.563332114223e-07
2.426610095082e+02	2.569386060730e-07
2.511886431510e+02	2.574634937397e-07
2.600159563165e+02	2.579150498151e-07
2.691534803927e+02	2.583003787325e-07
2.786121168630e+02	2.586264234227e-07
2.884031503127e+02	2.588998829246e-07
2.985382618918e+02	2.591271400195e-07
3.090295432514e+02	2.593142003906e-07
3.198895109691e+02	2.594666443746e-07
3.311311214826e+02	2.595895918979e-07
3.427677865465e+02	2.596876806899e-07
3.548133892336e+02	2.597650573824e-07
3.672823004981e+02	2.598253806402e-07
3.801893963206e+02	2.598718350776e-07
3.935500754558e+02	2.599071543905e-07
4.073802778041e+02	2.599336519125e-07
4.216965034286e+02	2.599532566804e-07
4.365158322402e+02	2.599675530822e-07
4.518559443749e+02	2.599778222394e-07
4.677351412872e+02	2.599850834517e-07
4.841723675841e+02	2.599901342652e-07
5.000000000000e+02	2.599933916654e-07
5.011872336273e+02	2.599935880148e-07
5.188000389290e+02	2.599959079962e-07
5.370317963703e+02	2.599974377302e-07
5.559042572704e+02	2.599984270691e-07
5.754399373372e+02	2.599990541411e-07
5.956621435290e+02	2.599994433331e-07
6.165950018615e+02	2.599996796526e-07
6.382634861905e+02	2.599998199092e-07
6.606934480076e+02	2.599999011955e-07
6.839116472814e+02	2.599999471520e-07
7.079457843841e+02	2.599999724716e-07
7.328245331389e+02	2.599999860509e-07
7.585775750292e+02	2.599999931322e-07
7.852356346101e+02	2.599999967186e-07
8.128305161641e+02	2.599999984804e-07
8.413951416452e+02	2.599999993188e-07
8.709635899561e+02	2.599999997048e-07
9.015711376060e+02	2.599999998766e-07
9.332543007970e+02	2.599999999502e-07
9.660508789898e+02	2.599999999807e-07
1.000000000000e+03	2.599999999928e-07
