Start year (from begining of solar cycle) =1 year
Flight time=10 year(s)
Solar  cycle number - even
Solar cycle - mean
Apogee = 36000 km.
Perigee = 36000 km.
Inclination = 0.0 deg.
Argument of perigee = 0.0 deg.
GCR LET SPECTRUM behind shielding
Maximal peak FLUX [particles/(MeV/(g/cm2)*cm2*s)]
1 col. - LET [MeV/(g/cm2)]
2 col. - shielding= 1.00E-0001
3 col. - shielding= 2.00E-0001
4 col. - shielding= 2.70E-0001
5 col. - shielding= 3.00E-0001
6 col. - shielding= 5.00E-0001
7 col. - shielding= 7.00E-0001
8 col. - shielding= 1.00E+0000
9 col. - shielding= 1.25E+0000
 1.26E+0000 0.00E+0000 0.00E+0000 0.00E+0000 0.00E+0000 0.00E+0000 0.00E+0000 0.00E+0000 0.00E+0000
 1.58E+0000 6.20E+0000 6.19E+0000 6.19E+0000 6.18E+0000 6.20E+0000 6.21E+0000 6.21E+0000 6.21E+0000
 2.00E+0000 1.90E+0000 1.89E+0000 1.89E+0000 1.89E+0000 1.91E+0000 1.92E+0000 1.93E+0000 1.94E+0000
 2.51E+0000 6.25E-0001 6.24E-0001 6.23E-0001 6.22E-0001 6.40E-0001 6.50E-0001 6.59E-0001 6.65E-0001
 3.16E+0000 2.86E-0001 2.86E-0001 2.85E-0001 2.85E-0001 3.02E-0001 3.10E-0001 3.17E-0001 3.22E-0001
 3.98E+0000 1.24E-0001 1.24E-0001 1.24E-0001 1.24E-0001 1.38E-0001 1.44E-0001 1.49E-0001 1.53E-0001
 5.01E+0000 5.80E-0002 5.79E-0002 5.78E-0002 5.78E-0002 6.79E-0002 7.28E-0002 7.67E-0002 7.92E-0002
 6.31E+0000 2.01E-0001 2.00E-0001 2.00E-0001 2.00E-0001 2.05E-0001 2.07E-0001 2.09E-0001 2.09E-0001
 7.94E+0000 7.15E-0002 7.14E-0002 7.12E-0002 7.12E-0002 7.48E-0002 7.66E-0002 7.77E-0002 7.84E-0002
 1.00E+0001 2.76E-0002 2.75E-0002 2.75E-0002 2.75E-0002 2.98E-0002 3.10E-0002 3.18E-0002 3.22E-0002
 1.26E+0001 1.28E-0002 1.28E-0002 1.28E-0002 1.28E-0002 1.41E-0002 1.48E-0002 1.53E-0002 1.55E-0002
 1.58E+0001 6.45E-0003 6.43E-0003 6.42E-0003 6.41E-0003 7.27E-0003 7.69E-0003 7.96E-0003 8.10E-0003
 2.00E+0001 3.11E-0003 3.10E-0003 3.09E-0003 3.09E-0003 3.64E-0003 3.90E-0003 4.06E-0003 4.14E-0003
 2.51E+0001 1.55E-0003 1.54E-0003 1.53E-0003 1.53E-0003 1.87E-0003 2.03E-0003 2.13E-0003 2.17E-0003
 3.16E+0001 7.79E-0004 7.56E-0004 7.47E-0004 7.44E-0004 9.42E-0004 1.03E-0003 1.07E-0003 1.10E-0003
 3.98E+0001 6.30E-0004 5.96E-0004 5.85E-0004 5.82E-0004 6.97E-0004 7.43E-0004 7.65E-0004 7.73E-0004
 5.01E+0001 3.12E-0004 2.70E-0004 2.59E-0004 2.56E-0004 3.17E-0004 3.39E-0004 3.46E-0004 3.48E-0004
 6.31E+0001 8.06E-0004 7.62E-0004 7.50E-0004 7.46E-0004 7.60E-0004 7.60E-0004 7.52E-0004 7.45E-0004
 7.94E+0001 3.56E-0004 3.18E-0004 3.07E-0004 3.04E-0004 2.96E-0004 2.89E-0004 2.82E-0004 2.78E-0004
 1.00E+0002 4.55E-0004 4.20E-0004 4.10E-0004 4.06E-0004 3.92E-0004 3.84E-0004 3.76E-0004 3.70E-0004
 1.26E+0002 2.12E-0004 1.85E-0004 1.77E-0004 1.74E-0004 1.64E-0004 1.59E-0004 1.54E-0004 1.51E-0004
 1.58E+0002 1.32E-0004 1.10E-0004 1.04E-0004 1.02E-0004 9.51E-0005 9.18E-0005 8.89E-0005 8.72E-0005
 2.00E+0002 7.11E-0005 5.61E-0005 5.21E-0005 5.10E-0005 4.69E-0005 4.51E-0005 4.36E-0005 4.27E-0005
 2.51E+0002 6.80E-0005 5.85E-0005 5.61E-0005 5.54E-0005 5.27E-0005 5.15E-0005 5.02E-0005 4.94E-0005
 3.16E+0002 4.12E-0005 3.57E-0005 3.44E-0005 3.40E-0005 3.26E-0005 3.19E-0005 3.12E-0005 3.07E-0005
 3.98E+0002 1.94E-0005 1.62E-0005 1.55E-0005 1.53E-0005 1.46E-0005 1.42E-0005 1.39E-0005 1.36E-0005
 5.01E+0002 9.80E-0006 8.24E-0006 7.90E-0006 7.81E-0006 7.45E-0006 7.27E-0006 7.07E-0006 6.92E-0006
 6.31E+0002 6.12E-0006 5.42E-0006 5.26E-0006 5.21E-0006 5.01E-0006 4.89E-0006 4.76E-0006 4.65E-0006
 7.94E+0002 3.40E-0006 3.28E-0006 3.23E-0006 3.21E-0006 3.12E-0006 3.04E-0006 2.95E-0006 2.88E-0006
 1.00E+0003 5.12E-0006 4.95E-0006 4.87E-0006 4.85E-0006 4.71E-0006 4.61E-0006 4.48E-0006 4.38E-0006
 1.26E+0003 3.22E-0006 3.03E-0006 2.96E-0006 2.94E-0006 2.82E-0006 2.74E-0006 2.65E-0006 2.57E-0006
 1.58E+0003 1.47E-0006 1.29E-0006 1.23E-0006 1.21E-0006 1.12E-0006 1.06E-0006 1.00E-0006 9.58E-0007
 2.00E+0003 9.32E-0007 7.70E-0007 7.15E-0007 6.97E-0007 6.19E-0007 5.71E-0007 5.20E-0007 4.88E-0007
 2.51E+0003 6.61E-0007 5.17E-0007 4.67E-0007 4.51E-0007 3.79E-0007 3.37E-0007 2.94E-0007 2.68E-0007
 3.16E+0003 4.93E-0007 3.64E-0007 3.19E-0007 3.04E-0007 2.40E-0007 2.02E-0007 1.67E-0007 1.47E-0007
 3.98E+0003 3.82E-0007 2.65E-0007 2.23E-0007 2.10E-0007 1.53E-0007 1.22E-0007 9.56E-0008 8.15E-0008
 5.01E+0003 2.96E-0007 1.88E-0007 1.51E-0007 1.39E-0007 9.25E-0008 6.96E-0008 5.12E-0008 4.22E-0008
 6.31E+0003 2.26E-0007 1.31E-0007 9.99E-0008 9.06E-0008 5.52E-0008 3.95E-0008 2.77E-0008 2.24E-0008
 7.94E+0003 1.66E-0007 8.51E-0008 6.19E-0008 5.51E-0008 3.09E-0008 2.11E-0008 1.42E-0008 1.12E-0008
 1.00E+0004 1.16E-0007 5.26E-0008 3.63E-0008 3.19E-0008 1.67E-0008 1.10E-0008 7.22E-0009 5.61E-0009
 1.26E+0004 7.45E-0008 2.99E-0008 1.98E-0008 1.71E-0008 8.49E-0009 5.44E-0009 3.49E-0009 2.67E-0009
 1.58E+0004 4.35E-0008 1.58E-0008 1.01E-0008 8.69E-0009 4.14E-0009 2.61E-0009 1.64E-0009 1.25E-0009
 2.00E+0004 2.22E-0008 7.43E-0009 4.65E-0009 3.97E-0009 1.85E-0009 1.16E-0009 7.22E-0010 5.48E-0010
 2.51E+0004 8.38E-0009 2.67E-0009 1.65E-0009 1.41E-0009 6.57E-0010 4.12E-0010 2.61E-0010 2.00E-0010
 3.16E+0004 1.92E-0010 6.16E-0011 3.88E-0011 3.36E-0011 1.70E-0011 1.15E-0011 8.08E-0012 6.63E-0012
 3.98E+0004 5.25E-0014 5.24E-0014 5.15E-0014 5.09E-0014 4.67E-0014 4.27E-0014 3.78E-0014 3.45E-0014
 5.01E+0004 2.01E-0014 2.02E-0014 1.98E-0014 1.96E-0014 1.78E-0014 1.61E-0014 1.41E-0014 1.28E-0014
 6.31E+0004 8.11E-0015 8.27E-0015 8.10E-0015 8.00E-0015 7.22E-0015 6.50E-0015 5.64E-0015 5.10E-0015
 7.94E+0004 2.83E-0015 2.93E-0015 2.87E-0015 2.84E-0015 2.54E-0015 2.28E-0015 1.97E-0015 1.77E-0015
 1.00E+0005 8.89E-0016 9.33E-0016 9.11E-0016 9.05E-0016 8.06E-0016 7.20E-0016 6.17E-0016 5.55E-0016
 1.26E+0005 1.20E-0016 1.28E-0016 1.25E-0016 1.24E-0016 1.09E-0016 9.71E-0017 8.30E-0017 7.48E-0017
