Start year (from begining of solar cycle) =1 year
Flight time=10 year(s)
Solar  cycle number - even
Solar cycle - mean
Apogee = 36000 km.
Perigee = 36000 km.
Inclination = 0.0 deg.
Argument of perigee = 0.0 deg.
GCR PROTON SPECTRUM behind shielding
Maximal peak FLUX [protons/(MeV*cm2*s)]
1 col. - Energy [MeV]
2 col. - shielding= 1.00E-0001
3 col. - shielding= 2.00E-0001
4 col. - shielding= 2.70E-0001
5 col. - shielding= 3.00E-0001
6 col. - shielding= 5.00E-0001
7 col. - shielding= 7.00E-0001
8 col. - shielding= 1.00E+0000
9 col. - shielding= 1.25E+0000
 1.26E-0001 0.00E+0000 0.00E+0000 0.00E+0000 0.00E+0000 0.00E+0000 0.00E+0000 0.00E+0000 0.00E+0000
 1.58E-0001 0.00E+0000 0.00E+0000 0.00E+0000 0.00E+0000 0.00E+0000 0.00E+0000 0.00E+0000 0.00E+0000
 2.00E-0001 0.00E+0000 0.00E+0000 0.00E+0000 0.00E+0000 0.00E+0000 0.00E+0000 0.00E+0000 0.00E+0000
 2.51E-0001 0.00E+0000 0.00E+0000 0.00E+0000 0.00E+0000 0.00E+0000 0.00E+0000 0.00E+0000 0.00E+0000
 3.16E-0001 0.00E+0000 0.00E+0000 0.00E+0000 0.00E+0000 0.00E+0000 0.00E+0000 0.00E+0000 0.00E+0000
 3.98E-0001 0.00E+0000 0.00E+0000 0.00E+0000 0.00E+0000 0.00E+0000 0.00E+0000 0.00E+0000 0.00E+0000
 5.01E-0001 0.00E+0000 0.00E+0000 0.00E+0000 0.00E+0000 0.00E+0000 0.00E+0000 0.00E+0000 0.00E+0000
 6.31E-0001 0.00E+0000 0.00E+0000 0.00E+0000 0.00E+0000 0.00E+0000 0.00E+0000 0.00E+0000 0.00E+0000
 7.94E-0001 0.00E+0000 0.00E+0000 0.00E+0000 0.00E+0000 0.00E+0000 0.00E+0000 0.00E+0000 0.00E+0000
 1.00E+0000 4.61E-0004 1.04E-0004 6.13E-0005 5.23E-0005 3.19E-0005 2.87E-0005 2.82E-0005 2.87E-0005
 1.26E+0000 5.16E-0004 1.19E-0004 7.08E-0005 6.05E-0005 3.71E-0005 3.34E-0005 3.29E-0005 3.35E-0005
 1.58E+0000 5.70E-0004 1.35E-0004 8.16E-0005 6.99E-0005 4.33E-0005 3.91E-0005 3.86E-0005 3.93E-0005
 2.00E+0000 6.16E-0004 1.53E-0004 9.39E-0005 8.08E-0005 5.07E-0005 4.60E-0005 4.54E-0005 4.62E-0005
 2.51E+0000 6.45E-0004 1.71E-0004 1.07E-0004 9.27E-0005 5.96E-0005 5.43E-0005 5.37E-0005 5.46E-0005
 3.16E+0000 6.46E-0004 1.89E-0004 1.22E-0004 1.06E-0004 7.00E-0005 6.42E-0005 6.37E-0005 6.47E-0005
 3.98E+0000 6.12E-0004 2.03E-0004 1.36E-0004 1.20E-0004 2.23E-0004 2.63E-0004 2.78E-0004 2.83E-0004
 5.01E+0000 5.44E-0004 2.12E-0004 1.49E-0004 1.34E-0004 3.97E-0004 4.96E-0004 5.36E-0004 5.51E-0004
 6.31E+0000 4.54E-0004 2.14E-0004 1.61E-0004 1.48E-0004 4.97E-0004 6.34E-0004 6.97E-0004 7.22E-0004
 7.94E+0000 3.63E-0004 2.10E-0004 1.72E-0004 1.62E-0004 5.56E-0004 7.18E-0004 8.00E-0004 8.35E-0004
 1.00E+0001 2.91E-0004 2.09E-0004 1.85E-0004 1.78E-0004 5.94E-0004 7.73E-0004 8.70E-0004 9.16E-0004
 1.26E+0001 2.53E-0004 2.16E-0004 2.03E-0004 1.99E-0004 6.22E-0004 8.14E-0004 9.24E-0004 9.79E-0004
 1.58E+0001 2.52E-0004 2.40E-0004 2.36E-0004 2.34E-0004 6.53E-0004 8.53E-0004 9.74E-0004 1.04E-0003
 2.00E+0001 2.87E-0004 2.84E-0004 2.84E-0004 2.84E-0004 6.95E-0004 8.96E-0004 1.03E-0003 1.10E-0003
 2.51E+0001 3.55E-0004 3.54E-0004 3.54E-0004 3.55E-0004 7.52E-0004 9.54E-0004 1.09E-0003 1.17E-0003
 3.16E+0001 4.47E-0004 4.47E-0004 4.47E-0004 4.47E-0004 8.30E-0004 1.03E-0003 1.17E-0003 1.25E-0003
 3.98E+0001 5.63E-0004 5.62E-0004 5.62E-0004 5.61E-0004 9.30E-0004 1.13E-0003 1.27E-0003 1.35E-0003
 5.01E+0001 7.01E-0004 6.99E-0004 6.98E-0004 6.98E-0004 1.05E-0003 1.25E-0003 1.39E-0003 1.48E-0003
 6.31E+0001 8.57E-0004 8.55E-0004 8.53E-0004 8.53E-0004 1.19E-0003 1.38E-0003 1.53E-0003 1.61E-0003
 7.94E+0001 1.03E-0003 1.03E-0003 1.02E-0003 1.02E-0003 1.35E-0003 1.53E-0003 1.67E-0003 1.75E-0003
 1.00E+0002 1.25E-0003 1.25E-0003 1.24E-0003 1.24E-0003 1.55E-0003 1.71E-0003 1.84E-0003 1.92E-0003
 1.26E+0002 1.49E-0003 1.48E-0003 1.48E-0003 1.48E-0003 1.76E-0003 1.90E-0003 2.01E-0003 2.08E-0003
 1.58E+0002 1.72E-0003 1.72E-0003 1.71E-0003 1.71E-0003 1.95E-0003 2.06E-0003 2.15E-0003 2.21E-0003
 2.00E+0002 1.90E-0003 1.90E-0003 1.90E-0003 1.90E-0003 2.08E-0003 2.17E-0003 2.24E-0003 2.28E-0003
 2.51E+0002 2.04E-0003 2.03E-0003 2.03E-0003 2.03E-0003 2.16E-0003 2.23E-0003 2.28E-0003 2.31E-0003
 3.16E+0002 2.09E-0003 2.08E-0003 2.08E-0003 2.08E-0003 2.17E-0003 2.21E-0003 2.25E-0003 2.28E-0003
 3.98E+0002 2.05E-0003 2.04E-0003 2.04E-0003 2.04E-0003 2.10E-0003 2.13E-0003 2.16E-0003 2.18E-0003
 5.01E+0002 1.95E-0003 1.94E-0003 1.94E-0003 1.94E-0003 1.97E-0003 2.00E-0003 2.02E-0003 2.03E-0003
 6.31E+0002 1.82E-0003 1.81E-0003 1.81E-0003 1.81E-0003 1.83E-0003 1.85E-0003 1.86E-0003 1.87E-0003
 7.94E+0002 1.63E-0003 1.62E-0003 1.62E-0003 1.62E-0003 1.64E-0003 1.65E-0003 1.65E-0003 1.66E-0003
 1.00E+0003 1.38E-0003 1.38E-0003 1.37E-0003 1.37E-0003 1.38E-0003 1.39E-0003 1.39E-0003 1.39E-0003
 1.26E+0003 1.11E-0003 1.11E-0003 1.11E-0003 1.11E-0003 1.11E-0003 1.11E-0003 1.12E-0003 1.12E-0003
 1.58E+0003 8.51E-0004 8.50E-0004 8.49E-0004 8.49E-0004 8.52E-0004 8.54E-0004 8.54E-0004 8.54E-0004
 2.00E+0003 6.31E-0004 6.30E-0004 6.29E-0004 6.29E-0004 6.31E-0004 6.32E-0004 6.32E-0004 6.31E-0004
 2.51E+0003 4.46E-0004 4.45E-0004 4.45E-0004 4.44E-0004 4.45E-0004 4.46E-0004 4.45E-0004 4.45E-0004
 3.16E+0003 3.02E-0004 3.02E-0004 3.01E-0004 3.01E-0004 3.02E-0004 3.02E-0004 3.02E-0004 3.01E-0004
 3.98E+0003 1.98E-0004 1.97E-0004 1.97E-0004 1.97E-0004 1.97E-0004 1.97E-0004 1.97E-0004 1.97E-0004
 5.01E+0003 1.26E-0004 1.26E-0004 1.25E-0004 1.25E-0004 1.25E-0004 1.25E-0004 1.25E-0004 1.25E-0004
 6.31E+0003 7.74E-0005 7.73E-0005 7.72E-0005 7.72E-0005 7.72E-0005 7.72E-0005 7.71E-0005 7.70E-0005
 7.94E+0003 4.65E-0005 4.64E-0005 4.64E-0005 4.63E-0005 4.64E-0005 4.64E-0005 4.63E-0005 4.62E-0005
 1.00E+0004 2.74E-0005 2.73E-0005 2.73E-0005 2.73E-0005 2.73E-0005 2.73E-0005 2.73E-0005 2.72E-0005
 1.26E+0004 1.59E-0005 1.59E-0005 1.59E-0005 1.59E-0005 1.59E-0005 1.59E-0005 1.58E-0005 1.58E-0005
 1.58E+0004 8.94E-0006 8.93E-0006 8.92E-0006 8.91E-0006 8.92E-0006 8.92E-0006 8.90E-0006 8.89E-0006
 2.00E+0004 5.09E-0006 5.08E-0006 5.08E-0006 5.08E-0006 5.08E-0006 5.08E-0006 5.07E-0006 5.06E-0006
 2.51E+0004 2.81E-0006 2.81E-0006 2.80E-0006 2.80E-0006 2.80E-0006 2.80E-0006 2.80E-0006 2.79E-0006
 3.16E+0004 1.55E-0006 1.55E-0006 1.55E-0006 1.55E-0006 1.55E-0006 1.55E-0006 1.55E-0006 1.54E-0006
 3.98E+0004 8.50E-0007 8.49E-0007 8.48E-0007 8.48E-0007 8.48E-0007 8.47E-0007 8.45E-0007 8.43E-0007
 5.01E+0004 4.63E-0007 4.62E-0007 4.62E-0007 4.61E-0007 4.61E-0007 4.60E-0007 4.59E-0007 4.58E-0007
