Apogee = 36000 km.
Perigee = 36000 km.
Inclination = 0.0 deg.
Argument of perigee = 0.0 deg.
Start = 1 year
Flight time = 10 year(s)
Probability = 0.100
Solar cycle - mean
SEP LET SPECTRUM behind shielding
Maximal peak FLUX [particles/(MeV/(g/cm2)*cm2*s)]
1 col. - LET [MeV/(g/cm2)]
2 col. - shielding= 1.00E-0001
3 col. - shielding= 2.00E-0001
4 col. - shielding= 2.70E-0001
5 col. - shielding= 3.00E-0001
6 col. - shielding= 5.00E-0001
7 col. - shielding= 7.00E-0001
8 col. - shielding= 1.00E+0000
9 col. - shielding= 1.25E+0000
 1.26E+0000 0.00E+0000 0.00E+0000 0.00E+0000 0.00E+0000 0.00E+0000 0.00E+0000 0.00E+0000 0.00E+0000
 1.58E+0000 6.49E+0002 6.48E+0002 6.47E+0002 6.47E+0002 6.46E+0002 6.45E+0002 6.43E+0002 6.41E+0002
 2.00E+0000 1.83E+0003 1.83E+0003 1.83E+0003 1.82E+0003 1.82E+0003 1.82E+0003 1.81E+0003 1.80E+0003
 2.51E+0000 2.97E+0003 2.96E+0003 2.95E+0003 2.95E+0003 2.96E+0003 2.94E+0003 2.92E+0003 2.90E+0003
 3.16E+0000 4.30E+0003 4.28E+0003 4.27E+0003 4.26E+0003 4.31E+0003 4.28E+0003 4.21E+0003 4.16E+0003
 3.98E+0000 5.88E+0003 5.83E+0003 5.80E+0003 5.79E+0003 5.89E+0003 5.83E+0003 5.70E+0003 5.60E+0003
 5.01E+0000 7.54E+0003 7.45E+0003 7.39E+0003 7.36E+0003 7.46E+0003 7.36E+0003 7.13E+0003 6.94E+0003
 6.31E+0000 9.78E+0003 9.59E+0003 9.46E+0003 9.40E+0003 9.36E+0003 9.12E+0003 8.68E+0003 8.32E+0003
 7.94E+0000 1.20E+0004 1.16E+0004 1.14E+0004 1.13E+0004 1.09E+0004 1.04E+0004 9.65E+0003 9.06E+0003
 1.00E+0001 1.45E+0004 1.38E+0004 1.34E+0004 1.32E+0004 1.23E+0004 1.14E+0004 1.01E+0004 9.19E+0003
 1.26E+0001 1.79E+0004 1.65E+0004 1.56E+0004 1.52E+0004 1.32E+0004 1.16E+0004 9.53E+0003 8.26E+0003
 1.58E+0001 2.09E+0004 1.83E+0004 1.68E+0004 1.62E+0004 1.31E+0004 1.07E+0004 8.23E+0003 6.79E+0003
 2.00E+0001 2.39E+0004 1.95E+0004 1.71E+0004 1.62E+0004 1.18E+0004 9.04E+0003 6.43E+0003 5.05E+0003
 2.51E+0001 2.54E+0004 1.92E+0004 1.60E+0004 1.49E+0004 9.70E+0003 6.83E+0003 4.49E+0003 3.36E+0003
 3.16E+0001 2.13E+0004 1.56E+0004 1.26E+0004 1.16E+0004 6.78E+0003 4.41E+0003 2.66E+0003 1.91E+0003
 3.98E+0001 1.58E+0004 1.07E+0004 8.62E+0003 7.87E+0003 4.43E+0003 2.74E+0003 1.57E+0003 1.10E+0003
 5.01E+0001 1.10E+0004 6.74E+0003 5.23E+0003 4.76E+0003 2.67E+0003 1.60E+0003 8.82E+0002 6.07E+0002
 6.31E+0001 6.74E+0003 3.75E+0003 2.81E+0003 2.53E+0003 1.41E+0003 8.26E+0002 4.47E+0002 3.03E+0002
 7.94E+0001 4.01E+0003 2.06E+0003 1.52E+0003 1.35E+0003 7.43E+0002 4.32E+0002 2.31E+0002 1.55E+0002
 1.00E+0002 2.38E+0003 1.16E+0003 8.40E+0002 7.45E+0002 4.01E+0002 2.31E+0002 1.21E+0002 8.03E+0001
 1.26E+0002 1.26E+0003 5.89E+0002 4.15E+0002 3.66E+0002 1.91E+0002 1.09E+0002 5.64E+0001 3.70E+0001
 1.58E+0002 7.51E+0002 3.34E+0002 2.28E+0002 2.00E+0002 1.01E+0002 5.66E+0001 2.89E+0001 1.89E+0001
 2.00E+0002 3.47E+0002 1.44E+0002 9.47E+0001 8.16E+0001 3.88E+0001 2.15E+0001 1.09E+0001 7.04E+0000
 2.51E+0002 1.00E+0002 3.69E+0001 2.15E+0001 1.75E+0001 6.33E+0000 3.26E+0000 1.56E+0000 9.80E-0001
 3.16E+0002 5.30E+0001 1.92E+0001 1.07E+0001 8.63E+0000 2.98E+0000 1.51E+0000 7.21E-0001 4.52E-0001
 3.98E+0002 2.92E+0001 1.04E+0001 5.69E+0000 4.58E+0000 1.56E+0000 7.89E-0001 3.77E-0001 2.37E-0001
 5.01E+0002 1.36E+0001 4.81E+0000 2.60E+0000 2.09E+0000 7.14E-0001 3.62E-0001 1.75E-0001 1.11E-0001
 6.31E+0002 5.67E+0000 2.00E+0000 1.09E+0000 8.79E-0001 3.08E-0001 1.59E-0001 7.88E-0002 5.07E-0002
 7.94E+0002 1.55E-0001 9.17E-0002 6.91E-0002 6.20E-0002 3.45E-0002 2.22E-0002 1.33E-0002 9.39E-0003
 1.00E+0003 1.55E-0001 8.03E-0002 5.68E-0002 4.99E-0002 2.53E-0002 1.54E-0002 8.73E-0003 6.02E-0003
 1.26E+0003 1.43E-0001 6.41E-0002 4.29E-0002 3.69E-0002 1.72E-0002 9.98E-0003 5.43E-0003 3.65E-0003
 1.58E+0003 1.17E-0001 4.60E-0002 2.94E-0002 2.49E-0002 1.08E-0002 6.06E-0003 3.20E-0003 2.12E-0003
 2.00E+0003 8.90E-0002 3.10E-0002 1.89E-0002 1.58E-0002 6.51E-0003 3.54E-0003 1.83E-0003 1.20E-0003
 2.51E+0003 6.22E-0002 1.98E-0002 1.17E-0002 9.69E-0003 3.83E-0003 2.04E-0003 1.04E-0003 6.75E-0004
 3.16E+0003 4.00E-0002 1.17E-0002 6.73E-0003 5.55E-0003 2.14E-0003 1.13E-0003 5.70E-0004 3.71E-0004
 3.98E+0003 2.50E-0002 6.90E-0003 3.91E-0003 3.21E-0003 1.22E-0003 6.41E-0004 3.22E-0004 2.08E-0004
 5.01E+0003 1.38E-0002 3.70E-0003 2.09E-0003 1.71E-0003 6.46E-0004 3.38E-0004 1.68E-0004 1.07E-0004
 6.31E+0003 7.27E-0003 1.94E-0003 1.10E-0003 8.97E-0004 3.38E-0004 1.76E-0004 8.59E-0005 5.44E-0005
 7.94E+0003 2.81E-0003 7.98E-0004 4.62E-0004 3.79E-0004 1.44E-0004 7.37E-0005 3.56E-0005 2.22E-0005
 1.00E+0004 1.62E-0003 4.51E-0004 2.55E-0004 2.08E-0004 7.55E-0005 3.77E-0005 1.77E-0005 1.09E-0005
 1.26E+0004 7.99E-0004 2.16E-0004 1.19E-0004 9.59E-0005 3.35E-0005 1.63E-0005 7.51E-0006 4.58E-0006
 1.58E+0004 3.92E-0004 1.00E-0004 5.37E-0005 4.30E-0005 1.43E-0005 6.85E-0006 3.10E-0006 1.87E-0006
 2.00E+0004 2.27E-0004 5.13E-0005 2.64E-0005 2.09E-0005 6.64E-0006 3.14E-0006 1.39E-0006 8.36E-0007
 2.51E+0004 1.31E-0004 2.64E-0005 1.32E-0005 1.05E-0005 3.23E-0006 1.50E-0006 6.62E-0007 3.95E-0007
 3.16E+0004 8.65E-0006 1.67E-0006 8.27E-0007 6.51E-0007 2.01E-0007 9.20E-0008 4.04E-0008 2.41E-0008
 3.98E+0004 0.00E+0000 0.00E+0000 0.00E+0000 0.00E+0000 0.00E+0000 0.00E+0000 0.00E+0000 0.00E+0000
 5.01E+0004 0.00E+0000 0.00E+0000 0.00E+0000 0.00E+0000 0.00E+0000 0.00E+0000 0.00E+0000 0.00E+0000
 6.31E+0004 0.00E+0000 0.00E+0000 0.00E+0000 0.00E+0000 0.00E+0000 0.00E+0000 0.00E+0000 0.00E+0000
 7.94E+0004 0.00E+0000 0.00E+0000 0.00E+0000 0.00E+0000 0.00E+0000 0.00E+0000 0.00E+0000 0.00E+0000
 1.00E+0005 0.00E+0000 0.00E+0000 0.00E+0000 0.00E+0000 0.00E+0000 0.00E+0000 0.00E+0000 0.00E+0000
 1.26E+0005 0.00E+0000 0.00E+0000 0.00E+0000 0.00E+0000 0.00E+0000 0.00E+0000 0.00E+0000 0.00E+0000
 1.58E+0005 0.00E+0000 0.00E+0000 0.00E+0000 0.00E+0000 0.00E+0000 0.00E+0000 0.00E+0000 0.00E+0000
 2.00E+0005 0.00E+0000 0.00E+0000 0.00E+0000 0.00E+0000 0.00E+0000 0.00E+0000 0.00E+0000 0.00E+0000
 2.51E+0005 0.00E+0000 0.00E+0000 0.00E+0000 0.00E+0000 0.00E+0000 0.00E+0000 0.00E+0000 0.00E+0000
 3.16E+0005 0.00E+0000 0.00E+0000 0.00E+0000 0.00E+0000 0.00E+0000 0.00E+0000 0.00E+0000 0.00E+0000
 3.98E+0005 0.00E+0000 0.00E+0000 0.00E+0000 0.00E+0000 0.00E+0000 0.00E+0000 0.00E+0000 0.00E+0000
 5.01E+0005 0.00E+0000 0.00E+0000 0.00E+0000 0.00E+0000 0.00E+0000 0.00E+0000 0.00E+0000 0.00E+0000
 6.31E+0005 0.00E+0000 0.00E+0000 0.00E+0000 0.00E+0000 0.00E+0000 0.00E+0000 0.00E+0000 0.00E+0000
 7.94E+0005 0.00E+0000 0.00E+0000 0.00E+0000 0.00E+0000 0.00E+0000 0.00E+0000 0.00E+0000 0.00E+0000
