Apogee = 36000 km.
Perigee = 36000 km.
Inclination = 0.0 deg.
Argument of perigee = 0.0 deg.
Start = 1 year
Flight time = 10 year(s)
Probability = 0.100
Solar cycle - mean
SOLAR PROTON SPECTRUM behind shielding
Maximal peak FLUX [protons/(MeV*cm2*s)]
1 col. - Energy [MeV]
2 col. - shielding= 1.00E-0001
3 col. - shielding= 2.00E-0001
4 col. - shielding= 2.70E-0001
5 col. - shielding= 3.00E-0001
6 col. - shielding= 5.00E-0001
7 col. - shielding= 7.00E-0001
8 col. - shielding= 1.00E+0000
9 col. - shielding= 1.25E+0000
 1.26E-0001 0.00E+0000 0.00E+0000 0.00E+0000 0.00E+0000 0.00E+0000 0.00E+0000 0.00E+0000 0.00E+0000
 1.58E-0001 0.00E+0000 0.00E+0000 0.00E+0000 0.00E+0000 0.00E+0000 0.00E+0000 0.00E+0000 0.00E+0000
 2.00E-0001 0.00E+0000 0.00E+0000 0.00E+0000 0.00E+0000 0.00E+0000 0.00E+0000 0.00E+0000 0.00E+0000
 2.51E-0001 0.00E+0000 0.00E+0000 0.00E+0000 0.00E+0000 0.00E+0000 0.00E+0000 0.00E+0000 0.00E+0000
 3.16E-0001 0.00E+0000 0.00E+0000 0.00E+0000 0.00E+0000 0.00E+0000 0.00E+0000 0.00E+0000 0.00E+0000
 3.98E-0001 0.00E+0000 0.00E+0000 0.00E+0000 0.00E+0000 0.00E+0000 0.00E+0000 0.00E+0000 0.00E+0000
 5.01E-0001 0.00E+0000 0.00E+0000 0.00E+0000 0.00E+0000 0.00E+0000 0.00E+0000 0.00E+0000 0.00E+0000
 6.31E-0001 0.00E+0000 0.00E+0000 0.00E+0000 0.00E+0000 0.00E+0000 0.00E+0000 0.00E+0000 0.00E+0000
 7.94E-0001 0.00E+0000 0.00E+0000 0.00E+0000 0.00E+0000 0.00E+0000 0.00E+0000 0.00E+0000 0.00E+0000
 1.00E+0000 3.39E+0004 1.49E+0004 1.03E+0004 9.12E+0003 4.81E+0003 2.72E+0003 1.39E+0003 9.09E+0002
 1.26E+0000 3.87E+0004 1.71E+0004 1.20E+0004 1.06E+0004 5.57E+0003 3.16E+0003 1.62E+0003 1.06E+0003
 1.58E+0000 4.40E+0004 1.98E+0004 1.39E+0004 1.22E+0004 6.48E+0003 3.67E+0003 1.88E+0003 1.23E+0003
 2.00E+0000 4.96E+0004 2.27E+0004 1.60E+0004 1.42E+0004 7.53E+0003 4.27E+0003 2.20E+0003 1.44E+0003
 2.51E+0000 5.50E+0004 2.58E+0004 1.84E+0004 1.63E+0004 8.73E+0003 4.97E+0003 2.57E+0003 1.69E+0003
 3.16E+0000 5.98E+0004 2.92E+0004 2.11E+0004 1.87E+0004 1.01E+0004 5.74E+0003 2.99E+0003 1.97E+0003
 3.98E+0000 6.31E+0004 3.24E+0004 2.38E+0004 2.12E+0004 1.15E+0004 6.60E+0003 3.46E+0003 2.30E+0003
 5.01E+0000 6.39E+0004 3.52E+0004 2.62E+0004 2.35E+0004 1.30E+0004 7.50E+0003 3.98E+0003 2.66E+0003
 6.31E+0000 6.23E+0004 3.69E+0004 2.82E+0004 2.56E+0004 1.42E+0004 8.34E+0003 4.50E+0003 3.05E+0003
 7.94E+0000 5.77E+0004 3.71E+0004 2.93E+0004 2.68E+0004 1.50E+0004 9.01E+0003 4.99E+0003 3.43E+0003
 1.00E+0001 5.10E+0004 3.56E+0004 2.91E+0004 2.65E+0004 1.49E+0004 9.33E+0003 5.37E+0003 3.76E+0003
 1.26E+0001 4.29E+0004 3.18E+0004 2.57E+0004 2.36E+0004 1.39E+0004 9.11E+0003 5.53E+0003 3.98E+0003
 1.58E+0001 3.27E+0004 2.44E+0004 2.02E+0004 1.87E+0004 1.20E+0004 8.34E+0003 5.40E+0003 4.01E+0003
 2.00E+0001 2.10E+0004 1.67E+0004 1.44E+0004 1.36E+0004 9.56E+0003 7.13E+0003 4.93E+0003 3.80E+0003
 2.51E+0001 1.25E+0004 1.07E+0004 9.60E+0003 9.20E+0003 7.11E+0003 5.65E+0003 4.17E+0003 3.36E+0003
 3.16E+0001 7.36E+0003 6.59E+0003 6.12E+0003 5.93E+0003 4.94E+0003 4.15E+0003 3.27E+0003 2.74E+0003
 3.98E+0001 4.25E+0003 3.93E+0003 3.74E+0003 3.65E+0003 3.23E+0003 2.85E+0003 2.37E+0003 2.07E+0003
 5.01E+0001 2.41E+0003 2.28E+0003 2.20E+0003 2.17E+0003 2.01E+0003 1.84E+0003 1.63E+0003 1.47E+0003
 6.31E+0001 1.35E+0003 1.30E+0003 1.27E+0003 1.26E+0003 1.20E+0003 1.14E+0003 1.04E+0003 9.71E+0002
 7.94E+0001 7.50E+0002 7.32E+0002 7.20E+0002 7.15E+0002 7.03E+0002 6.79E+0002 6.39E+0002 6.07E+0002
 1.00E+0002 4.14E+0002 4.07E+0002 4.02E+0002 4.00E+0002 4.01E+0002 3.93E+0002 3.76E+0002 3.62E+0002
 1.26E+0002 2.26E+0002 2.23E+0002 2.21E+0002 2.20E+0002 2.23E+0002 2.20E+0002 2.13E+0002 2.07E+0002
 1.58E+0002 1.21E+0002 1.20E+0002 1.19E+0002 1.19E+0002 1.21E+0002 1.20E+0002 1.17E+0002 1.15E+0002
 2.00E+0002 6.56E+0001 6.52E+0001 6.49E+0001 6.48E+0001 6.58E+0001 6.52E+0001 6.39E+0001 6.29E+0001
 2.51E+0002 3.44E+0001 3.42E+0001 3.41E+0001 3.40E+0001 3.44E+0001 3.41E+0001 3.36E+0001 3.32E+0001
 3.16E+0002 1.79E+0001 1.78E+0001 1.78E+0001 1.78E+0001 1.79E+0001 1.77E+0001 1.76E+0001 1.74E+0001
 3.98E+0002 9.15E+0000 9.12E+0000 9.10E+0000 9.09E+0000 9.11E+0000 9.07E+0000 9.00E+0000 8.95E+0000
 5.01E+0002 4.59E+0000 4.58E+0000 4.57E+0000 4.57E+0000 4.57E+0000 4.55E+0000 4.53E+0000 4.51E+0000
 6.31E+0002 2.26E+0000 2.25E+0000 2.25E+0000 2.24E+0000 2.24E+0000 2.24E+0000 2.23E+0000 2.22E+0000
 7.94E+0002 1.08E+0000 1.07E+0000 1.07E+0000 1.07E+0000 1.07E+0000 1.07E+0000 1.07E+0000 1.06E+0000
 1.00E+0003 5.03E-0001 5.02E-0001 5.01E-0001 5.01E-0001 5.01E-0001 5.00E-0001 4.98E-0001 4.97E-0001
 1.26E+0003 2.28E-0001 2.28E-0001 2.28E-0001 2.27E-0001 2.27E-0001 2.27E-0001 2.26E-0001 2.26E-0001
 1.58E+0003 9.83E-0002 9.81E-0002 9.80E-0002 9.80E-0002 9.79E-0002 9.78E-0002 9.75E-0002 9.72E-0002
 2.00E+0003 4.24E-0002 4.23E-0002 4.23E-0002 4.23E-0002 4.22E-0002 4.22E-0002 4.20E-0002 4.19E-0002
 2.51E+0003 1.71E-0002 1.71E-0002 1.71E-0002 1.71E-0002 1.70E-0002 1.70E-0002 1.70E-0002 1.69E-0002
 3.16E+0003 6.80E-0003 6.79E-0003 6.78E-0003 6.78E-0003 6.77E-0003 6.76E-0003 6.74E-0003 6.72E-0003
 3.98E+0003 2.62E-0003 2.62E-0003 2.62E-0003 2.61E-0003 2.61E-0003 2.61E-0003 2.60E-0003 2.59E-0003
 5.01E+0003 9.77E-0004 9.75E-0004 9.74E-0004 9.74E-0004 9.73E-0004 9.72E-0004 9.69E-0004 9.66E-0004
 6.31E+0003 3.56E-0004 3.55E-0004 3.55E-0004 3.54E-0004 3.54E-0004 3.54E-0004 3.53E-0004 3.52E-0004
 7.94E+0003 1.26E-0004 1.25E-0004 1.25E-0004 1.25E-0004 1.25E-0004 1.25E-0004 1.24E-0004 1.24E-0004
 1.00E+0004 4.39E-0005 4.39E-0005 4.38E-0005 4.38E-0005 4.37E-0005 4.36E-0005 4.35E-0005 4.34E-0005
